Month,Wspd,Wdir,Gust,Atmp,Pres,Dewp,Humi,Wtmp,Wvht,Dpd,Mwd
2,3.36845639284,219,4.23773546196,28.3,1013.0,22.1,69.0,28.56,0.83,4.2,54
2,2.82515697464,216,3.58577616012,28.4,1012.6,22.3,69.0,28.58,0.83,4.3,51
2,2.93381685828,222,3.69443604376,28.3,1011.9,22.3,70.0,28.75,0.8,6.9,51
2,3.2597965092,216,4.02041569468,28.3,1011.9,22.3,70.0,28.75,0.8,6.9,51
2,2.93381685828,225,3.58577616012,28.25,1012.65,22.45,71.0,28.66,0.81,7.0,51.0
2,4.3463953456,39,5.32433429836,28.2,1013.4,22.6,72.0,28.58,0.83,7.1,51
2,4.56371511288,246,5.75897383291,28.1,1013.2,22.3,71.0,28.56,0.85,7.1,57.0
2,3.2597965092,246,4.12907557832,28.0,1013.0,22.0,70.0,28.55,0.87,7.1,63
2,2.716497091,234,3.47711627648,27.95,1013.05,22.25,71.0,28.58,0.86,7.0,63.0
2,2.716497091,234,3.47711627648,27.9,1013.1,22.5,72.0,28.6,0.86,6.9,63
2,3.91175581104,219,4.67237499652,28.0,1013.1,22.1,70.0,28.58,0.83,6.9,63
2,3.91175581104,219,4.67237499652,27.5,1013.4,23.7,80.0,28.58,0.88,10.5,66
2,3.8030959274,207,4.45505522924,27.65,1013.5,23.8,79.5,28.58,0.89,8.4,69.0
2,3.8030959274,207,4.45505522924,27.8,1013.6,23.9,79.0,28.58,0.9,6.3,72
2,3.69443604376,204,4.45505522924,28.2,1014.4,23.5,76.0,28.63,0.96,5.0,69
2,4.3463953456,198,4.99835464744,28.4,1013.3,23.4,74.5,28.64,1.02,5.3,64.5
2,5.21567441472,210,6.08495348383,28.6,1012.2,23.3,73.0,28.66,1.09,5.6,60
2,4.3463953456,201,5.32433429836,28.55,1011.95,23.3,73.0,28.65,1.16,5.6,57.0
2,5.432994182,201,6.51959301839,28.52,1011.83,23.3,73.0,28.64,1.19,5.6,55.5
2,4.8896947638,198,5.86763371655,28.5,1011.7,23.3,73.0,28.64,1.22,5.6,54
2,4.78103488016,204,5.65031394927,28.5,1012.3,23.4,74.0,28.62,1.3,5.6,57
2,4.99835464744,324,5.75897383291,28.5,1013.9,23.4,74.0,28.6,1.22,5.6,60
2,4.78103488016,213,6.08495348383,28.3,1013.45,23.4,75.0,28.59,1.27,5.95,61.5
2,5.32433429836,210,6.30227325111,28.1,1013.0,23.4,76.0,28.57,1.32,6.3,63
2,4.8896947638,210,5.86763371655,28.0,1013.4,23.4,76.0,28.56,1.44,5.9,66
2,5.10701453108,219,6.30227325111,28.0,1013.6,23.4,76.0,28.55,1.43,6.1,66
2,5.21567441472,207,6.73691278567,28.2,1013.85,23.55,76.0,28.55,1.5,6.1,66.0
2,5.32433429836,201,6.62825290203,28.4,1014.1,23.7,76.0,28.55,1.58,6.1,66
2,4.56371511288,201,5.21567441472,28.5,1014.45,23.5,74.5,28.68,1.46,6.1,63.0
2,4.3463953456,162,5.32433429836,28.6,1014.8,23.3,73.0,28.81,1.33,6.1,60
2,4.12907557832,216,4.78103488016,28.6,1014.0,23.55,74.0,28.84,1.31,6.0,60.0
2,4.23773546196,207,5.10701453108,28.6,1013.2,23.8,75.0,28.86,1.28,5.9,60
2,5.432994182,213,6.73691278567,28.5,1013.9,24.4,79.0,28.67,1.15,6.1,63
2,5.54165406564,222,6.51959301839,28.2,1013.9,23.7,77.0,28.64,1.33,6.3,63
2,4.8896947638,222,5.65031394927,28.1,1013.0,22.9,74.0,28.57,1.35,6.5,69
2,4.78103488016,219,5.86763371655,28.1,1013.6,22.6,72.0,28.54,1.28,6.7,66
2,4.3463953456,219,5.54165406564,28.1,1014.7,22.8,73.0,28.55,1.38,5.7,72
2,4.23773546196,222,5.21567441472,28.2,1015.0,22.4,71.0,28.55,1.36,6.3,69
2,5.97629360019,207,7.38887208751,28.4,1015.3,23.1,73.0,28.56,1.37,6.5,63
2,3.2597965092,231,3.91175581104,28.6,1014.45,23.0,71.5,28.78,1.37,6.7,70.5
2,3.47711627648,228,4.12907557832,28.8,1013.6,22.9,70.0,29.0,1.36,6.9,78
2,3.15113662556,228,3.69443604376,28.8,1013.5,23.3,72.0,28.99,1.23,5.7,81
2,3.47711627648,222,4.56371511288,28.55,1013.9,23.45,74.0,28.83,1.24,6.3,76.5
2,3.8030959274,222,4.45505522924,28.43,1014.1,23.52,75.0,28.75,1.25,6.6,74.25
2,3.69443604376,219,4.78103488016,28.3,1014.3,23.6,76.0,28.67,1.25,6.9,72
2,4.3463953456,222,5.10701453108,28.0,1013.2,22.8,73.0,28.6,1.27,6.9,72
2,4.23773546196,222,5.21567441472,28.0,1013.2,22.8,73.0,28.6,1.27,6.9,72
2,4.56371511288,225,5.65031394927,28.1,1012.8,22.7,72.0,28.58,1.34,6.7,75
2,4.3463953456,219,5.75897383291,28.5,1014.4,22.4,69.0,28.58,1.47,6.7,69
2,4.78103488016,219,5.54165406564,28.5,1014.4,22.4,69.0,28.58,1.47,6.7,69
2,3.91175581104,216,4.67237499652,28.75,1013.95,22.65,69.5,28.88,1.4,7.05,70.5
2,2.28185755644,234,2.82515697464,28.88,1013.73,22.77,69.75,29.03,1.36,7.22,71.25
2,2.06453778916,234,2.60783720736,29.0,1013.5,22.9,70.0,29.18,1.32,7.4,72
2,1.19525872004,240,1.95587790552,29.1,1013.65,22.65,68.5,29.22,1.31,7.7,73.5
2,1.73855813824,240,2.28185755644,29.2,1013.8,22.4,67.0,29.26,1.31,8.0,75
2,2.1731976728,234,2.82515697464,28.7,1013.9,22.8,70.0,29.08,1.38,8.0,75
2,3.04247674192,234,3.91175581104,28.6,1014.4,23.1,72.0,29.05,1.39,7.7,75
2,3.04247674192,234,3.91175581104,28.6,1014.4,23.1,72.0,29.05,1.39,7.7,75
2,3.47711627648,225,4.3463953456,28.6,1015.6,22.3,69.0,28.87,1.46,8.0,81
2,2.49917732372,204,4.45505522924,28.0,1014.55,22.8,74.0,28.78,1.5,8.0,78.0
2,3.71579083326,84,33.4421174993,27.7,1014.02,23.05,76.5,28.73,1.52,8.0,76.5
2,3.04247674192,219,3.91175581104,27.4,1013.5,23.3,79.0,28.69,1.53,8.0,75
2,2.716497091,312,4.23773546196,27.1,1013.3,22.9,78.0,28.59,1.46,7.1,75
2,2.06453778916,21,3.8030959274,25.6,1015.5,23.6,89.0,28.45,1.57,7.1,75
2,4.45505522924,225,5.32433429836,28.5,1013.7,22.6,70.0,29.06,1.6,7.1,78
2,4.56371511288,222,5.75897383291,28.2,1010.0,19.55,73.0,27.0,4.55,6.8,175.5
2,4.12907557832,222,4.99835464744,27.9,1006.3,16.5,76.0,24.95,7.5,6.5,273
2,4.12907557832,231,5.10701453108,28.4,1014.4,22.8,71.0,28.66,1.81,8.0,84
2,3.58577616012,219,4.45505522924,28.4,1014.4,22.6,71.0,28.8,1.54,8.3,87
2,4.23773546196,207,5.32433429836,28.0,1013.3,22.4,71.0,28.69,1.59,6.9,78
2,2.82515697464,204,3.69443604376,27.9,1013.6,22.4,72.0,28.51,1.47,6.9,81
2,3.2597965092,204,3.91175581104,28.1,1014.3,22.3,71.0,28.53,1.49,8.0,75
2,3.69443604376,198,4.67237499652,28.7,1014.4,-2.9,70.0,28.83,17.52,18.7,360.0
2,2.716497091,210,3.58577616012,28.7,1012.9,22.6,69.0,28.81,1.48,7.4,75
2,3.91175581104,201,4.99835464744,28.2,1013.3,22.5,71.0,28.53,1.61,11.1,72
2,3.15113662556,204,4.56371511288,29.6,1036.2,39.7,75.0,8.54,11.85,15.4,204.0
2,0.977938952759,249,2.49917732372,28.8,1014.7,23.1,71.0,29.05,1.44,6.5,81
2,0.977938952759,261,2.49917732372,16.0,1014.7,16.0,71.0,29.05,1.44,6.5,81
2,4.12907557832,192,5.75897383291,28.0,1014.3,23.3,75.0,28.64,1.5,8.0,81
2,2.28185755644,273,2.93381685828,28.8,1012.7,22.8,70.0,29.08,1.39,8.7,72
2,2.60783720736,228,3.15113662556,28.2,1013.5,23.1,74.0,28.68,1.29,8.0,78
2,2.49917732372,189,3.36845639284,28.2,1013.7,22.7,72.0,28.77,1.31,8.0,78
2,2.28185755644,189,3.2597965092,28.35,910.35,13.7,71.0,32.18,5.38,7.95,154.5
2,2.39051744008,189,3.2597965092,28.43,858.67,9.2,70.5,33.89,7.41,7.93,192.75
2,3.58577616012,168,4.45505522924,28.5,807.0,4.7,70.0,35.595,9.44,7.9,231.0
2,3.69443604376,180,4.56371511288,28.4,1012.6,23.6,75.0,28.77,1.21,7.1,72
2,3.8030959274,198,4.56371511288,28.4,1013.7,24.3,78.0,28.63,17.4,15.2,51.0
2,4.67237499652,192,5.86763371655,28.6,1025.5,24.1,76.0,28.89,1.32,6.1,63
2,3.58577616012,189,4.3463953456,28.5,1014.9,23.0,72.0,28.69,1.3,6.5,63
2,3.04247674192,180,4.45505522924,28.7,1015.4,23.6,74.0,28.68,1.25,6.1,60
2,3.15113662556,219,3.69443604376,28.7,1016.3,23.7,74.0,28.97,1.13,6.5,72
2,3.47711627648,162,5.32433429836,28.75,1015.2,23.55,73.0,29.01,1.17,6.5,66.0
2,3.36845639284,156,4.23773546196,28.8,1014.1,23.4,72.0,29.05,1.21,6.5,60
2,2.60783720736,189,3.36845639284,28.2,1013.6,23.2,74.0,28.79,1.2,6.5,75
2,3.15113662556,162,4.02041569468,28.0,1013.5,23.3,76.0,28.71,4.76,0.5,12.0
2,2.1731976728,162,3.58577616012,27.7,1014.7,22.6,73.0,28.66,1.19,7.1,69
2,1.84721802188,297,2.49917732372,28.8,1014.7,22.8,70.0,29.31,1.23,7.1,81
2,1.6298982546,180,2.28185755644,29.0,1013.5,23.5,72.0,29.41,1.31,6.5,81
2,2.1731976728,171,3.15113662556,29.0,1013.4,23.3,71.0,29.43,1.37,6.7,78
2,2.06453778916,174,2.93381685828,28.85,1013.85,23.3,71.5,29.33,1.22,6.7,81.0
2,1.19525872004,165,1.73855813824,28.77,1014.08,23.3,71.75,29.28,1.15,6.7,82.5
2,0.651959301839,216,1.0865988364,28.7,1014.3,23.3,72.0,29.23,1.07,6.7,84
2,3.47711627648,219,4.23773546196,28.4,1014.2,23.2,73.0,29.07,1.18,6.9,81.0
2,4.02041569468,189,4.78103488016,28.25,1014.15,23.15,73.5,28.99,1.23,7.0,79.5
3,3.69443604376,174,6.19361336747,28.1,1014.1,23.1,74.0,28.91,1.29,7.1,78
3,3.2597965092,219,3.91175581104,28.3,1015.8,23.8,76.0,29.02,1.06,7.7,78
3,3.04247674192,210,4.67237499652,28.05,1014.85,23.8,77.5,28.98,1.09,7.55,79.5
3,5.32433429836,186,6.73691278567,27.8,1013.9,23.8,79.0,28.93,1.13,7.4,81
3,5.86763371655,171,7.60619185479,28.1,1013.8,22.7,72.0,28.89,1.25,7.1,81
3,5.32433429836,165,6.73691278567,28.7,1015.7,22.5,69.0,28.84,1.2,7.4,84
3,0.5432994182,171,1.19525872004,27.8,1013.6,22.8,75.0,28.91,1.41,7.4,96
3,4.1,183.0,1.5,27.2,1014.3,22.4,76.0,28.89,1.26,6.9,90
3,0.977938952759,159,1.6298982546,27.2,1014.3,22.6,76.0,28.89,1.26,6.9,90
3,3.47711627648,189,4.12907557832,29.1,1012.4,23.2,70.0,29.33,1.36,8.0,78
3,4.99835464744,213,5.97629360019,28.6,1013.1,23.3,73.0,29.05,1.32,6.9,72
3,4.78103488016,204,5.54165406564,28.4,1012.2,23.6,75.0,28.84,1.39,7.4,69
3,5.21567441472,213,6.08495348383,28.65,909.35,23.8,74.5,29.01,10.48,9.8,117.0
3,5.86763371655,213,7.28021220387,28.9,806.5,24.0,74.0,29.18,19.58,12.2,165.0
3,5.65031394927,204,6.95423255295,28.7,807.55,24.15,76.0,28.8,10.61,9.95,114.0
3,4.3463953456,207,5.86763371655,28.5,808.6,24.3,78.0,28.42,1.64,7.7,63
3,4.67237499652,216,5.86763371655,28.65,910.35,23.75,75.0,27.38,9.59,4.8,57.0
3,4.56371511288,219,5.432994182,28.8,1012.1,23.2,72.0,26.33,17.53,1.9,51.0
3,4.23773546196,219,5.10701453108,28.9,1012.2,23.2,71.0,29.07,1.4,7.7,69
3,4.12907557832,249,5.10701453108,28.45,1013.15,22.6,70.5,29.04,1.29,7.55,72.0
3,3.91175581104,249,4.99835464744,28.0,1014.1,22.0,70.0,29.0,1.19,7.4,75
3,2.60783720736,129,3.47711627648,28.8,1013.7,22.2,67.0,29.73,1.23,7.1,87
3,3.36845639284,240,4.67237499652,28.3,1012.3,21.5,66.0,29.6,1.25,7.1,84
3,3.47711627648,276,4.23773546196,28.1,1012.95,21.85,68.5,29.26,1.31,7.1,88.5
3,2.82515697464,231,4.02041569468,27.9,1013.6,22.2,71.0,28.91,1.38,7.1,93
3,4.78103488016,207,6.30227325111,28.2,1015.1,22.8,72.0,29.16,1.16,8.3,99
3,2.28185755644,321,3.04247674192,27.9,1013.3,22.8,73.0,29.08,1.38,7.4,102
3,3.69443604376,285,4.56371511288,28.05,1012.9,22.9,73.0,28.99,1.3,7.85,99.0
3,4.23773546196,273,5.10701453108,28.2,1012.5,23.0,73.0,28.9,1.23,8.3,96
3,5.10701453108,258,6.30227325111,28.6,1013.6,23.3,73.0,28.98,1.38,8.3,102
3,4.56371511288,252,6.19361336747,28.7,1014.1,23.3,73.0,29.06,0.0,8.0,102
3,3.04247674192,258,3.91175581104,28.7,1012.7,22.7,70.0,29.43,1.39,8.7,99
3,2.716497091,264,3.2597965092,29.0,1012.5,21.2,63.0,29.43,1.13,9.1,93
3,2.82515697464,294,3.91175581104,27.6,1012.7,22.9,90.0,29.22,1.1,8.3,96
3,3.2597965092,234,3.91175581104,28.9,1011.7,23.3,72.0,29.71,1.11,9.5,102
3,4.56371511288,240,5.32433429836,28.6,1013.0,24.0,76.0,29.56,1.31,9.5,102
3,4.45505522924,228,5.32433429836,28.5,1012.9,24.2,77.0,29.2,1.33,9.5,102
3,4.3463953456,216,5.75897383291,28.3,1012.8,24.1,78.0,29.15,1.23,10.5,93
3,3.6,318.0,2.0,29.1,1012.5,23.95,75.0,29.31,1.13,9.4,90.0
3,4.12907557832,204,4.8896947638,29.9,1012.2,23.8,72.0,29.47,1.03,8.3,87
3,4.12907557832,216,5.21567441472,29.1,1012.2,23.8,73.0,29.47,1.03,8.3,87
3,5.54165406564,228,6.84557266931,28.85,1013.0,23.9,74.5,29.39,1.12,8.9,88.5
3,5.432994182,234,6.19361336747,28.6,1013.8,24.0,76.0,29.31,1.22,9.5,90
3,4.99835464744,213,5.97629360019,28.5,1014.3,23.5,74.0,29.17,1.49,8.7,96
3,17.1,246.0,5.6,28.3,1013.6,23.2,74.0,29.07,1.33,9.5,87
3,3.69443604376,216,4.45505522924,27.9,1013.45,24.0,79.5,29.17,1.35,9.1,88.5
3,6.08495348383,258,7.38887208751,27.5,1013.3,24.8,85.0,29.27,1.36,8.7,90
3,4.67237499652,234,5.54165406564,28.6,1015.1,23.9,76.0,29.07,1.37,9.5,90
3,4.3463953456,249,5.21567441472,28.3,1013.2,23.6,76.0,39.29,1.36,9.5,90
3,4.67237499652,246,5.32433429836,28.55,1014.5,23.65,75.0,34.17,1.28,9.3,90.0
3,4.67237499652,240,5.65031394927,28.8,1015.8,23.7,74.0,29.05,1.2,9.1,90
3,2.82515697464,255,4.12907557832,28.45,1015.5,23.6,75.0,29.22,1.21,9.1,91.5
3,4.67237499652,258,5.75897383291,28.1,1015.2,23.5,76.0,29.39,1.21,9.1,93
3,4.67237499652,258,5.75897383291,28.1,1015.2,23.5,76.0,29.39,1.21,9.1,93
3,4.56371511288,261,5.32433429836,28.2,1016.5,23.1,73.0,29.31,1.2,8.0,102
3,3.91175581104,273,4.56371511288,29.1,1014.8,22.9,69.0,29.3,1.56,9.1,99
3,4.12907557832,255,5.21567441472,26.9,1015.6,23.0,79.0,29.1,1.54,9.1,105
3,4.23773546196,270,4.99835464744,28.3,1016.0,22.7,72.0,28.99,1.38,12.3,81
3,3.47711627648,258,4.3463953456,28.8,1014.7,22.9,70.0,29.29,1.38,8.7,105
3,4.8896947638,276,6.19361336747,28.5,1016.4,22.1,68.0,29.11,1.31,8.0,102
3,4.67237499652,273,5.432994182,28.7,1015.8,21.3,64.0,29.16,1.34,9.1,93
3,4.56371511288,267,5.86763371655,28.2,1016.0,22.1,69.0,29.09,1.37,8.7,105
3,3.91175581104,279,4.78103488016,28.2,1015.6,22.2,70.0,29.03,1.45,8.3,99
3,42.2248958325,39,45.6028874991,27.95,1015.7,22.2,71.0,29.16,1.39,8.3,102.0
3,1.41257848732,261,2.28185755644,27.7,1015.8,22.2,72.0,29.3,1.33,8.3,105
3,3.36845639284,330,4.56371511288,27.45,1015.75,22.55,74.5,29.29,1.36,8.5,105.0
3,2.82515697464,294,4.02041569468,27.2,1015.7,22.9,77.0,29.27,1.39,8.7,105
3,3.47711627648,294,4.45505522924,34.05,1015.65,22.45,41.0,29.28,1.42,16.9,223.5
3,4.99835464744,276,6.30227325111,37.47,1015.62,22.23,23.0,29.29,1.44,21.0,282.75
3,4.99835464744,261,5.432994182,40.9,1015.6,22.0,5.0,29.29,1.46,25.1,342.0
3,0.869279069119,282,1.84721802188,34.8,1015.1,22.25,37.0,29.27,1.37,16.9,250.5
3,2.82515697464,273,3.8030959274,28.7,1014.6,22.5,69.0,29.26,1.28,8.7,159
3,3.91175581104,255,4.67237499652,28.1,1015.3,22.7,72.0,28.94,1.28,9.1,117
3,3.15113662556,243,3.91175581104,28.1,1014.9,22.1,70.0,28.91,1.33,8.7,117
3,3.15113662556,243,3.91175581104,28.1,1014.9,22.1,70.0,28.91,1.33,8.7,117
3,3.36845639284,258,4.02041569468,28.05,1014.15,22.05,70.0,28.92,1.25,7.9,112.5
3,2.82515697464,252,3.58577616012,28.0,1013.4,22.0,70.0,28.93,1.18,7.1,108
3,3.2597965092,252,3.91175581104,27.9,1013.6,22.1,71.0,28.91,1.03,8.3,102
3,3.2597965092,252,3.91175581104,27.9,1013.6,22.1,71.0,28.91,1.03,8.3,102
3,2.82515697464,243,3.8030959274,28.5,1014.7,21.8,67.0,28.89,13.54,9.5,261.0
3,0.977938952759,255,1.84721802188,28.6,1012.7,21.0,63.0,30.01,20.47,25.5,381.0
3,2.06453778916,315,3.91175581104,27.6,1013.3,22.5,73.0,28.99,0.98,6.9,120
3,1.30391860368,210,2.39051744008,28.8,1014.7,22.4,68.0,28.97,1.07,8.0,117
3,0.43463953456,297,1.41257848732,28.1,1014.2,22.5,71.0,29.19,1.01,1.6,147.0
3,2.1731976728,261,2.716497091,28.05,1014.15,22.85,73.0,29.2,1.56,4.8,133.5
3,3.15113662556,279,4.02041569468,28.0,1014.1,23.2,75.0,29.22,2.11,8.0,120
3,2.39051744008,258,3.2597965092,28.0,1014.3,23.0,74.0,29.19,0.89,8.7,123
3,1.23859694442,48,2.02679499996,28.15,1014.6,24.05,78.5,29.32,0.93,7.6,120.0
3,1.0865988364,261,2.06453778916,28.3,1014.9,25.1,83.0,29.45,0.97,6.5,117
3,5.21567441472,225,5.97629360019,28.35,1014.25,24.55,80.0,29.3,1.0,6.8,96.0
3,4.67237499652,213,5.75897383291,28.4,1013.6,24.0,77.0,29.14,1.03,7.1,75
3,27.136533055,21,51.2328736101,28.65,1012.65,24.35,77.5,29.26,1.18,7.25,73.5
3,4.8896947638,207,6.08495348383,28.9,1011.7,24.7,78.0,29.38,1.32,7.4,72
3,4.78103488016,213,6.08495348383,28.95,1011.6,24.65,77.5,29.34,1.33,6.65,73.5
3,5.21567441472,219,6.30227325111,29.0,1011.5,24.6,77.0,29.31,1.35,5.9,75
3,4.8896947638,210,5.75897383291,28.6,1011.9,23.3,73.0,29.14,1.53,6.3,75
3,5.32433429836,210,6.62825290203,28.75,1012.8,23.3,72.0,28.02,3.8,12.1,117.0
3,4.12907557832,210,4.99835464744,28.82,1013.25,23.3,71.5,27.46,4.94,15.0,138.0
3,2.60783720736,195,3.36845639284,28.9,1013.7,23.3,71.0,26.91,6.07,17.9,159
3,3.36845639284,204,4.12907557832,29.05,1013.0,23.35,71.0,28.2,12.96,11.35,186.0
3,3.36845639284,204,4.12907557832,29.2,1012.3,23.4,71.0,29.48,19.85,4.8,213.0
3,5.32433429836,225,6.30227325111,28.7,1014.3,23.5,74.0,29.22,1.52,7.1,72
3,4.56371511288,231,5.54165406564,28.6,1014.6,24.0,76.0,29.2,1.22,6.9,78
3,3.69443604376,222,4.56371511288,28.2,1013.5,23.1,74.0,29.13,1.28,7.4,75
3,3.91175581104,225,4.67237499652,28.45,1014.65,23.15,73.0,29.12,1.19,7.25,78.0
3,3.58577616012,219,4.45505522924,28.7,1015.8,23.2,72.0,29.1,1.09,7.1,81
3,1.73855813824,273,2.28185755644,28.8,1013.5,23.9,75.0,29.47,1.3,8.0,87
3,2.60783720736,183,5.10701453108,27.6,1014.4,23.9,80.0,29.19,1.24,6.9,84
3,42.4,237.0,3.5,27.9,1014.5,24.4,81.0,29.14,1.42,8.0,87
3,2.28185755644,189,3.15113662556,27.6,811.0,24.2,82.0,29.41,1.49,9.4,87
3,1.41257848732,183,1.95587790552,27.8,1015.0,24.1,80.0,29.46,1.62,8.0,90
3,5.432994182,174,7.49753197115,28.3,1015.8,23.45,75.0,29.29,1.53,8.35,87.0
3,4.56371511288,219,5.54165406564,28.8,1016.6,22.8,70.0,29.11,1.44,8.7,84
3,4.23773546196,213,6.51959301839,28.3,1014.9,22.5,71.0,28.97,1.49,9.5,84
3,4.45505522924,258,5.65031394927,27.8,1053.3,0.6,73.0,28.97,2.8,15.4,204
3,3.91175581104,240,4.78103488016,28.6,1016.4,22.8,71.0,29.05,1.43,9.1,84
3,4.23773546196,231,5.21567441472,28.4,1016.0,23.3,74.0,29.2,1.35,9.1,90
3,3.69443604376,267,4.78103488016,28.25,1015.1,23.0,73.0,29.11,1.36,9.3,87.0
3,4.3463953456,258,5.10701453108,28.1,1014.2,22.7,72.0,29.02,1.38,9.5,84
3,4.12907557832,255,4.99835464744,28.1,1014.3,22.45,71.0,28.93,1.46,9.5,85.5
3,5.21567441472,174,6.73691278567,28.1,1014.35,22.32,70.5,28.88,1.5,9.5,86.25
3,5.629986111,303,30.8523238883,28.1,1014.38,22.26,70.25,28.86,1.52,9.5,86.62
3,3.58577616012,273,4.3463953456,28.1,1014.4,22.2,70.0,28.84,1.54,9.5,87
3,3.69443604376,252,4.78103488016,28.5,1016.3,22.4,69.0,28.81,1.51,8.7,87
3,3.2597965092,255,4.12907557832,28.7,1014.6,22.2,68.0,29.18,1.32,10.0,87
3,4.12907557832,207,6.30227325111,28.5,1015.6,22.3,69.0,29.09,1.33,8.3,132
3,4.67237499652,240,5.75897383291,28.2,1016.2,20.8,64.0,28.72,0.16,9.5,84
3,3.15113662556,225,3.91175581104,31.8,1015.95,21.25,64.5,29.04,0.89,9.1,93.0
3,1.6298982546,201,3.47711627648,35.4,1015.7,21.7,65.0,29.35,1.61,8.7,102
3,1.6298982546,201,3.47711627648,32.1,1015.85,21.7,65.0,29.3,1.56,8.7,97.5
3,2.93381685828,192,3.91175581104,28.8,1016.0,21.7,65.0,29.26,1.51,8.7,93
3,4.67237499652,198,6.84557266931,28.4,1016.3,22.15,68.5,29.01,1.53,8.5,94.5
3,4.02041569468,180,5.65031394927,28.0,1016.6,22.6,72.0,28.75,1.55,8.3,96
3,4.02041569468,213,5.65031394927,28.4,1017.9,23.9,76.0,28.77,1.42,8.0,105
3,3.69443604376,198,5.54165406564,28.7,1015.6,22.8,70.0,29.12,1.39,7.4,96
4,3.91175581104,216,4.8896947638,28.4,1016.3,23.6,75.0,28.86,1.39,7.7,105
4,2.82515697464,213,3.36845639284,27.8,1014.45,23.35,76.5,28.8,1.32,7.85,103.5
4,3.69443604376,201,6.30227325111,27.5,1013.53,23.23,77.25,28.77,1.29,7.92,102.75
4,2.60783720736,210,3.36845639284,27.35,1013.07,23.16,77.62,28.75,1.27,7.96,102.38
4,2.716497091,189,3.58577616012,27.2,1012.6,23.1,78.0,28.74,1.26,8.0,102
4,1.6298982546,201,3.04247674192,28.2,1013.4,24.0,78.0,28.74,1.27,7.4,96
4,4.02041569468,192,5.21567441472,28.4,1013.6,23.0,72.0,29.3,1.27,7.4,99
4,4.12907557832,189,5.10701453108,27.9,1013.0,23.4,76.0,29.17,1.29,7.7,99
4,5.75897383291,189,7.28021220387,27.5,1013.9,22.2,80.0,29.07,1.31,7.4,102
4,4.56371511288,213,6.08495348383,27.85,1013.25,22.45,76.0,28.96,1.27,7.55,102.0
4,3.2597965092,204,5.32433429836,28.2,1012.6,22.7,72.0,28.85,1.23,7.7,102
4,3.91175581104,216,5.86763371655,28.3,1013.8,24.0,77.0,29.12,1.22,8.0,90
4,1.73855813824,198,2.49917732372,28.1,1014.3,23.8,78.0,29.02,15.92,2.6,372.0
4,2.49917732372,198,3.04247674192,28.4,1014.65,23.75,76.0,29.18,8.48,5.15,229.5
4,2.716497091,174,3.91175581104,28.55,1014.83,23.73,75.0,29.26,4.77,6.43,158.25
4,27.16497091,210,33.6845639284,28.7,1015.0,23.7,74.0,29.34,1.05,7.7,87
4,5.75897383291,276,7.38887208751,-9.1,900.1,22.7,73.0,8.085,19.96,20.1,219.0
4,4.12907557832,297,5.32433429836,10.3,1008.45,26.2,75.5,18.65,10.46,13.9,159.0
4,3.15113662556,309,3.8030959274,20.0,1062.62,27.95,76.75,23.93,5.71,10.8,129.0
4,3.2597965092,315,4.02041569468,29.7,1116.8,29.7,78.0,29.21,0.96,7.7,99
4,3.58577616012,210,5.32433429836,28.95,1065.4,26.25,75.5,29.12,0.97,7.85,97.5
4,2.1731976728,195,2.82515697464,28.57,1039.7,24.52,74.25,29.07,0.97,7.92,96.75
4,3.2597965092,210,5.21567441472,28.2,1014.0,22.8,73.0,29.02,0.98,8.0,96
4,2.716497091,222,3.69443604376,28.1,1011.4,22.1,70.0,29.1,0.77,7.4,99
4,2.716497091,177,3.47711627648,28.1,1011.2,22.6,72.0,29.0,1.01,8.0,108
4,41.5,312.0,6.0,28.4,1010.2,23.1,73.0,29.2,1.07,7.4,105
4,3.91175581104,192,4.78103488016,28.4,1010.2,23.1,73.0,29.2,1.07,7.4,105
4,1.73855813824,186,2.60783720736,28.1,1011.5,22.1,70.0,28.9,1.07,8.3,102
4,22.6012557971,99,35.0971424157,28.05,1012.05,21.65,68.5,28.92,1.08,8.5,99.0
4,3.47711627648,255,4.3463953456,28.0,1012.6,21.2,67.0,28.94,1.08,8.7,96
4,3.36845639284,252,4.23773546196,28.0,1012.3,21.1,66.0,28.94,1.06,9.5,96
4,2.93381685828,243,3.69443604376,28.4,1013.5,20.7,63.0,28.89,1.09,10.0,105
4,1.84721802188,249,3.58577616012,28.3,1011.6,21.9,68.0,28.54,1.11,8.3,102
4,3.91175581104,246,4.67237499652,27.8,1013.3,23.0,75.0,28.86,1.32,8.7,108
4,2.93381685828,207,3.58577616012,27.1,1013.4,22.7,77.0,28.87,1.65,9.5,108
4,4.99835464744,288,5.86763371655,27.4,1013.5,22.55,75.0,28.9,4.24,17.0,117.0
4,6.19361336747,261,7.49753197115,27.55,1013.55,22.48,74.0,28.91,5.53,20.75,121.5
4,5.32433429836,261,6.84557266931,27.7,1013.6,22.4,73.0,28.92,6.82,24.5,126.0
4,5.54165406564,258,6.84557266931,28.6,1015.7,22.6,70.0,28.92,1.71,5.9,120.0
4,4.56371511288,267,5.65031394927,28.9,1014.3,22.3,67.0,29.02,1.47,6.3,93
4,4.02041569468,270,4.99835464744,28.7,1014.6,22.2,68.0,29.04,1.6,6.3,90
4,4.99835464744,240,6.41093313475,28.3,1015.0,22.6,71.0,28.92,1.66,7.7,99
4,4.78103488016,255,5.75897383291,28.2,1014.2,22.4,71.0,28.9,1.53,6.5,87
4,4.3463953456,252,6.19361336747,27.8,1016.1,22.6,73.0,28.93,1.57,6.7,90
4,3.58577616012,294,4.67237499652,28.3,1015.2,21.5,67.0,29.05,1.51,6.9,90
4,5.32433429836,51,11.1919680149,35.4,1044.4,13.7,60.0,30.595,13.59,24.8,276.0
4,4.56371511288,258,5.86763371655,27.7,1014.4,20.7,66.0,28.82,1.58,7.4,126.0
4,3.04247674192,237,3.91175581104,28.25,1014.85,21.8,68.5,28.97,1.58,7.25,105.0
4,2.716497091,210,4.23773546196,28.52,1015.08,22.35,69.75,29.05,1.58,7.17,94.5
4,3.47711627648,183,4.67237499652,28.8,1015.3,22.9,71.0,29.12,1.59,7.1,84
4,1.41257848732,273,2.28185755644,27.2,1009.4,21.6,71.0,28.99,1.6,7.1,90
4,4.12907557832,294,5.21567441472,27.65,1013.0,22.0,71.0,29.55,1.6,7.4,90.0
4,4.02041569468,219,6.30227325111,28.1,1016.6,22.4,71.0,30.12,1.61,7.7,90
4,4.23773546196,258,5.21567441472,-1.2,1077.9,37.5,66.0,9.555,12.81,15.4,192.0
4,3.69443604376,291,4.78103488016,28.1,1016.1,22.6,72.0,28.83,1.8,8.7,90
4,3.8030959274,291,4.67237499652,28.1,1016.1,22.6,72.0,28.83,1.8,8.7,90
4,3.69443604376,282,4.78103488016,28.0,1015.2,22.8,73.0,28.455,18.08,12.7,60.0
4,4.12907557832,273,4.8896947638,28.35,1015.05,22.8,71.5,28.76,9.82,10.7,75.0
4,3.8030959274,270,4.67237499652,28.7,1014.9,22.8,70.0,29.07,1.57,8.7,90
4,3.8030959274,270,4.67237499652,28.7,1015.2,22.9,71.0,29.06,1.55,8.7,87
4,4.56371511288,285,5.54165406564,28.1,1016.6,22.4,71.0,28.89,1.58,8.0,87
4,4.67237499652,285,5.54165406564,28.1,1016.0,21.8,68.0,28.86,1.52,7.4,93
4,4.67237499652,285,5.54165406564,28.1,1016.0,21.8,68.0,28.86,1.52,7.4,93
4,2.49917732372,240,3.91175581104,16.0,0.0,3.0,37.939,1.0,1.57,7.55,93.0
4,4.56371511288,264,5.54165406564,28.4,1015.9,22.5,70.0,29.0,1.62,7.7,93
4,4.56371511288,264,5.75897383291,28.5,1016.1,22.6,70.0,29.0,1.46,7.4,96
4,4.67237499652,270,5.432994182,28.3,1017.6,22.4,70.0,28.94,1.45,7.1,93
4,4.02041569468,285,4.99835464744,28.0,1016.6,22.2,71.0,28.86,1.36,20.7,114.0
4,3.8030959274,285,4.99835464744,28.5,1018.5,22.5,70.0,28.86,1.51,22.8,108.0
4,2.82515697464,303,3.8030959274,28.0,1016.0,23.5,77.0,29.09,1.54,7.7,78
4,3.69443604376,276,4.56371511288,28.3,1016.3,22.4,70.0,29.0,1.42,8.0,78
4,3.69443604376,276,4.56371511288,28.3,1067.5,22.4,70.0,29.0,1.35,8.0,78
4,8.25815115663,129,33.3585842775,27.8,1040.7,22.2,71.0,28.82,5.32,1.4,192.0
4,5.54165406564,264,6.73691278567,27.75,1027.9,21.7,69.5,28.8,9.17,2.8,189.0
4,4.67237499652,267,5.432994182,27.7,1015.1,21.2,68.0,28.78,13.02,4.2,186
4,4.3463953456,261,5.21567441472,27.7,1015.2,22.1,71.0,28.8,1.56,8.0,78
4,2.82515697464,288,3.47711627648,27.8,1014.9,21.7,69.0,28.88,1.49,7.4,90
4,1.95587790552,285,2.93381685828,26.7,1014.7,21.6,73.0,28.79,1.31,8.7,96
4,3.04247674192,267,3.8030959274,27.25,1014.4,21.45,70.0,28.71,1.37,8.9,93.0
4,3.8030959274,264,4.78103488016,27.8,1014.1,21.3,67.0,28.64,1.43,9.1,90
4,3.58577616012,273,4.3463953456,27.7,1013.7,21.6,69.0,28.62,1.4,8.3,87
4,4.3463953456,258,5.432994182,28.3,1013.9,21.4,66.0,28.76,1.49,8.3,78
4,2.93381685828,243,3.69443604376,28.1,1013.9,21.1,65.0,28.73,1.52,8.3,81
4,2.49917732372,33,3.15113662556,26.35,1014.35,21.55,75.0,28.66,1.42,8.3,100.5
4,1.84721802188,315,3.2597965092,24.6,1014.8,22.0,85.0,28.6,1.31,8.3,120
4,0.5432994182,333,1.41257848732,25.5,1016.0,22.4,83.0,28.63,1.25,8.0,96
4,2.60783720736,159,4.23773546196,28.1,1014.7,20.9,65.0,28.99,1.51,8.0,87
4,2.60783720736,159,4.23773546196,28.1,1014.7,20.9,65.0,28.99,1.51,8.0,87
4,1.6298982546,186,3.15113662556,28.1,1014.0,21.5,67.5,28.78,1.52,8.3,51.0
4,4.02041569468,195,5.86763371655,28.1,1013.65,21.8,68.75,28.68,1.53,8.45,33.0
4,3.58577616012,243,4.45505522924,28.1,1013.3,22.1,70.0,28.57,1.54,8.6,15
4,4.3463953456,234,5.21567441472,27.7,1013.1,21.6,70.0,28.44,1.6,8.0,84
4,4.12907557832,243,4.8896947638,26.8,1064.9,24.6,109.0,34.75,16.11,17.4,126.0
4,5.86763371655,90,7.06289243659,26.8,1039.15,23.5,93.0,31.59,8.8,13.05,103.5
4,10.865988364,141,33.6845639284,26.8,1026.28,22.95,85.0,30.01,5.15,10.88,92.25
4,4.78103488016,153,6.19361336747,26.8,1019.84,22.67,81.0,29.22,3.33,9.79,86.62
4,2.39051744008,195,3.2597965092,26.8,1013.4,22.4,77.0,28.42,1.5,8.7,81
4,4.02041569468,198,4.78103488016,26.8,1012.7,22.6,78.0,28.35,1.55,8.3,78
4,1.73855813824,222,4.3463953456,26.65,1012.05,22.65,79.0,28.39,1.41,8.3,79.5
4,5.75897383291,219,6.84557266931,26.5,1011.4,22.7,80.0,28.43,1.26,8.3,81
4,2.49917732372,174,3.36845639284,26.4,1011.3,22.45,79.0,28.43,1.24,7.85,79.5
4,2.49917732372,174,3.36845639284,26.3,1011.2,22.2,78.0,28.43,1.22,7.4,78
4,2.49917732372,174,3.36845639284,26.3,1011.2,22.2,78.0,28.43,1.22,7.4,78
4,5.65031394927,216,6.62825290203,26.6,1013.1,22.5,78.0,28.4,1.85,8.0,81
4,3.47711627648,189,4.12907557832,28.0,1012.5,21.9,69.0,28.56,1.43,7.7,84
4,5.32433429836,207,6.41093313475,27.95,1012.85,21.5,67.5,28.48,1.36,7.7,75.0
4,4.67237499652,177,5.65031394927,27.9,1013.2,21.1,66.0,28.41,1.3,7.7,66
4,48.3,363.0,10.6,28.0,1013.05,21.9,69.0,28.45,1.83,11.5,219.0
4,4.12907557832,183,5.10701453108,28.1,1012.9,22.7,72.0,28.48,2.37,15.3,372.0
4,4.67237499652,216,5.432994182,27.8,1012.5,22.8,74.0,28.33,1.62,8.0,72
4,4.12907557832,207,4.78103488016,28.3,1014.3,22.3,70.0,28.26,1.35,1.6,279.0
4,3.47711627648,204,4.12907557832,28.5,1013.0,22.8,71.0,28.6,1.34,6.9,75
4,2.93381685828,180,3.47711627648,26.4,1013.3,22.45,79.0,28.53,1.38,7.15,73.5
4,3.47711627648,162,4.23773546196,24.3,1013.6,22.1,87.0,28.46,1.41,7.4,72
4,4.3463953456,174,4.99835464744,24.7,1014.0,22.2,85.0,28.4,1.31,8.0,75
4,2.39051744008,186,2.93381685828,27.2,1014.8,21.6,72.0,28.38,1.21,7.7,75
4,2.716497091,186,4.12907557832,27.8,1013.0,21.9,70.0,28.99,1.33,7.4,75
4,4.02041569468,171,5.65031394927,23.6,1014.0,21.8,90.0,28.39,1.26,7.4,105
4,2.60783720736,174,3.69443604376,27.2,1011.6,23.3,79.0,28.7,1.49,8.3,93
4,3.47711627648,183,4.23773546196,27.8,1013.4,22.8,74.0,28.51,1.35,7.7,75
5,1.0865988364,204,2.60783720736,27.4,1012.4,23.5,79.0,28.43,18.84,18.0,351.0
5,4.56371511288,192,5.54165406564,27.4,1012.5,23.1,77.0,28.44,1.43,7.7,72
5,0.977938952759,186,1.6298982546,28.0,1012.85,22.5,72.0,28.64,1.33,14.45,142.5
5,0.977938952759,186,1.6298982546,28.6,1013.2,21.9,67.0,28.84,1.23,21.2,213.0
5,4.3463953456,171,5.32433429836,27.7,1016.0,22.6,74.0,28.52,1.37,8.3,81
5,3.04247674192,219,3.8030959274,26.85,1016.75,22.6,77.5,28.38,5.06,12.45,169.5
5,2.49917732372,24,3.15113662556,26.0,1017.5,22.6,81.0,28.24,8.76,16.6,258
5,5.32433429836,351.0,6.19361336747,25.3,1014.9,22.6,85.0,28.03,4.4,16.0,324
5,7.38887208751,324,9.12743022575,25.4,1016.0,23.0,86.0,27.74,2.23,7.1,144
5,6.84557266931,315,8.80145057483,25.85,1016.25,23.05,84.5,27.34,2.25,7.7,144.0
5,6.30227325111,285,9.12743022575,26.3,1016.5,23.1,83.0,26.93,2.28,8.3,144
5,31.4,306.0,7.6,-2.9,907.3,10.2,54.0,10.585,14.14,17.4,306.0
5,5.97629360019,333,7.17155232023,27.4,1017.1,20.6,66.0,26.2,1.93,8.0,126
5,4.78103488016,318,5.54165406564,27.5,1014.8,20.3,66.0,21.79,1.52,9.1,117
5,4.78103488016,324,5.432994182,27.5,1015.6,20.4,65.0,27.02,1.51,9.1,114
5,3.91175581104,330,4.56371511288,27.4,1016.2,20.55,66.0,26.92,1.34,9.3,115.5
5,3.2597965092,324,3.91175581104,27.3,1016.8,20.7,67.0,26.83,1.17,9.5,117
5,2.60783720736,330,3.58577616012,27.5,1014.5,22.0,72.0,28.35,1.16,9.5,114
5,2.28185755644,315,3.04247674192,27.35,1015.0,21.95,72.5,28.33,1.12,8.9,109.5
5,1.0865988364,303,1.73855813824,27.2,1015.5,21.9,73.0,28.3,1.08,8.3,105
5,0.5432994182,324,0.977938952759,28.5,1017.4,22.2,69.0,28.37,2.51,8.1,315
5,4.78103488016,315,5.65031394927,27.95,1016.4,21.7,69.0,28.27,1.86,8.4,223.5
5,4.45505522924,306,5.21567441472,27.4,1015.4,21.2,69.0,28.18,1.22,8.7,132
5,4.12907557832,312,4.99835464744,27.75,1016.8,21.65,69.5,28.21,1.16,8.7,132.0
5,4.02041569468,312,4.99835464744,28.1,1018.2,22.1,70.0,28.25,1.09,8.7,132
5,4.78103488016,312,5.86763371655,27.7,1017.6,22.65,74.0,28.26,0.98,16.2,121.5
5,6.51959301839,291,7.60619185479,27.3,1017.0,23.2,78.0,28.26,0.86,23.7,111.0
5,4.99835464744,282,6.19361336747,27.6,1015.7,22.0,71.0,28.24,1.25,5.4,129
5,4.45505522924,294,5.432994182,27.7,1016.35,21.3,68.0,28.25,7.88,6.95,127.5
5,4.56371511288,282,5.54165406564,27.8,1017.0,20.6,65.0,28.27,14.5,8.5,126.0
5,4.67237499652,282,5.97629360019,27.6,1015.5,19.6,62.0,28.25,1.19,8.0,111
5,4.3463953456,285,5.65031394927,27.2,1015.4,19.3,62.0,28.25,1.08,8.3,111
5,4.12907557832,282,5.21567441472,27.6,1016.9,19.6,62.0,28.28,1.07,8.7,114
5,4.12907557832,282,5.21567441472,27.6,1016.9,19.6,62.0,28.28,1.07,8.7,114
5,2.82515697464,282,3.58577616012,27.7,1016.3,19.8,62.0,28.37,1.14,7.1,111
5,2.06453778916,285,2.60783720736,27.1,1016.0,20.4,67.0,28.26,1.02,6.9,105
5,2.716497091,264,3.36845639284,27.0,1015.4,20.6,68.0,28.22,0.99,9.1,96
5,2.93381685828,252,3.58577616012,27.7,1016.5,21.1,67.0,28.5,1.07,11.1,108
5,3.2597965092,243,4.23773546196,27.6,1014.7,20.0,63.0,28.53,1.14,10.5,99
5,3.2597965092,252,4.02041569468,27.4,1015.4,20.15,64.5,28.45,1.15,11.9,106.5
5,3.58577616012,249,4.3463953456,27.2,1016.1,20.3,66.0,28.38,1.16,13.3,114
5,3.47711627648,255,4.3463953456,27.0,1015.2,20.6,68.0,28.35,1.12,12.5,108
5,3.15113662556,246,4.56371511288,27.0,1015.4,20.8,69.0,28.3,1.07,13.3,111
5,3.2597965092,252,4.67237499652,27.3,1014.9,20.75,67.5,28.41,1.18,12.55,112.5
5,2.49917732372,258,3.2597965092,27.6,1014.4,20.7,66.0,28.51,1.28,11.8,114
5,3.47711627648,243,4.23773546196,27.5,1016.0,20.9,67.0,28.33,1.22,9.5,102
5,2.1731976728,234,2.82515697464,27.2,1015.9,20.4,66.0,28.29,1.29,12.5,105
5,1.84721802188,228,2.716497091,27.1,1014.9,20.7,68.0,28.26,1.28,7.7,93
5,1.73855813824,135,3.15113662556,27.1,1015.25,20.95,69.0,28.34,10.4,9.15,100.5
5,2.6,261.0,2.3,27.1,1015.6,21.2,70.0,28.41,19.52,10.6,108.0
5,4.67237499652,237,5.65031394927,26.8,1014.4,22.8,79.0,28.27,6.39,10.9,339.0
5,4.3463953456,240,5.32433429836,26.7,1014.5,22.5,77.0,28.26,1.27,0.0,3.0
5,1.6298982546,246,2.1731976728,27.9,1014.9,22.1,71.0,28.94,1.08,7.7,93
5,14.7,342.0,3.7,27.4,1014.8,21.5,70.0,28.83,0.99,7.4,87
5,1.6298982546,231,2.1731976728,27.1,1015.1,22.0,73.0,28.59,0.98,6.9,90
5,1.84721802188,222,2.716497091,26.8,1014.4,22.0,75.0,28.4,0.92,7.7,96
5,0.977938952759,198,1.41257848732,26.8,1014.9,21.4,72.0,28.26,0.98,6.9,93
5,0.5432994182,189,1.0865988364,26.8,1016.5,22.0,75.0,28.82,0.93,7.7,93
5,2.82515697464,354.0,3.8030959274,23.0,1015.9,22.2,79.0,25.72,2.34,13.3,36.0
5,4.3463953456,288,6.08495348383,25.25,1016.4,21.8,74.0,26.95,1.9,10.2,88.5
5,4.56371511288,312,5.65031394927,27.5,1016.9,21.4,69.0,28.17,1.47,7.1,141
5,4.99835464744,306,6.19361336747,27.6,1018.1,22.6,74.0,28.16,1.51,8.0,135
5,4.23773546196,69,5.86763371655,24.1,1017.5,22.0,88.0,27.32,1.64,8.0,132
5,7.28021220387,306,9.23609010939,24.4,1019.0,22.2,87.5,25.17,1.67,7.55,232.5
5,4.78103488016,288,19.8847587061,24.7,1020.5,22.4,87.0,23.02,1.71,7.1,333
5,6.41093313475,261,7.93217150571,24.8,1018.4,21.1,80.0,28.18,1.7,7.4,138
5,5.75897383291,309,7.06289243659,24.4,1017.7,21.7,85.0,28.21,1.96,7.1,144
5,5.75897383291,309,7.06289243659,24.4,1017.7,21.7,85.0,28.21,1.96,7.1,144
5,4.23773546196,273,5.21567441472,27.0,1018.7,20.3,67.0,28.1,1.84,6.9,144
5,5.65031394927,297,6.84557266931,26.5,1017.4,20.7,70.0,28.17,1.83,6.5,135
5,4.99835464744,273,6.08495348383,27.2,1016.9,19.7,64.0,28.19,1.97,6.5,138
5,4.56371511288,267,5.65031394927,27.0,1017.0,20.2,66.0,28.18,1.67,6.5,132
5,4.8896947638,264,6.51959301839,27.05,1016.85,20.9,67.5,28.14,11.05,4.8,208.5
5,4.02041569468,249,4.99835464744,27.1,1016.7,21.6,69.0,28.1,20.44,3.1,285.0
5,4.78103488016,249,5.54165406564,26.4,1016.35,21.65,74.0,28.09,10.86,6.55,201.0
5,4.23773546196,240,4.99835464744,26.05,1016.17,21.67,76.5,28.09,6.06,8.28,159.0
5,3.91175581104,234,4.78103488016,25.7,1016.0,21.7,79.0,28.09,1.27,10.0,117
5,4.23773546196,240,4.99835464744,25.3,1016.1,21.3,78.0,27.94,1.29,9.1,123
5,5.54165406564,195,6.73691278567,26.4,1015.6,22.3,78.0,28.08,1.32,8.7,105
5,4.8896947638,186,6.08495348383,26.75,1014.8,22.05,75.0,28.03,1.29,9.9,100.5
5,4.02041569468,201,5.10701453108,27.1,1014.0,21.8,72.0,27.98,1.27,11.1,96
5,4.67237499652,192,5.65031394927,27.5,948.8,24.85,96.0,24.27,1.17,11.1,81.0
5,4.45505522924,180,5.432994182,27.9,883.6,27.9,120.0,20.555,1.07,11.1,66
5,5.54165406564,177,6.51959301839,27.5,1013.0,22.4,73.0,28.04,1.12,11.1,57
5,5.21567441472,189,6.19361336747,27.1,1012.7,22.1,74.0,27.86,1.06,10.5,54
5,3.8030959274,186,4.99835464744,27.5,1013.6,22.1,73.0,25.36,0.97,10.8,51.0
5,3.2597965092,171,4.02041569468,27.9,1014.5,22.1,72.0,22.86,0.88,11.1,48
5,2.28185755644,198,2.82515697464,28.0,1013.6,22.6,72.0,28.03,0.84,11.8,54
5,2.39051744008,195,3.2597965092,27.5,1015.9,22.1,72.0,27.9,0.84,11.8,60
5,3.58577616012,225,4.23773546196,27.1,1015.5,22.0,74.0,27.85,0.73,11.8,69
5,3.15113662556,237,3.8030959274,27.0,1016.8,21.6,72.5,27.86,0.45,15.7,61.5
5,2.82515697464,252,3.2597965092,26.95,1017.45,21.4,71.75,27.86,0.3,17.65,57.75
5,2.82515697464,291,3.47711627648,26.9,1018.1,21.2,71.0,27.86,0.16,19.6,54
5,4.02041569468,315,4.78103488016,27.3,1017.75,21.65,71.0,28.06,0.49,13.05,88.5
5,3.04247674192,285,4.3463953456,27.5,1017.58,21.88,71.0,28.16,0.66,9.78,105.75
5,3.2597965092,321,3.91175581104,27.7,1017.4,22.1,71.0,28.26,0.82,6.5,123
5,4.23773546196,318,5.10701453108,27.65,1016.95,21.5,69.0,28.11,1.15,7.1,118.5
5,3.2597965092,255,4.12907557832,27.6,1016.5,20.9,67.0,27.95,1.47,7.7,114
5,3.47711627648,261,4.3463953456,27.2,1016.85,21.05,69.0,27.94,1.32,7.4,108.0
5,2.93381685828,252,3.69443604376,27.0,1017.03,21.12,70.0,27.94,1.25,7.25,105.0
5,3.36845639284,273,4.12907557832,26.8,1017.2,21.2,71.0,27.93,1.17,7.1,102
5,3.2597965092,333,4.12907557832,25.2,1013.1,22.0,82.0,26.9,1.31,7.1,111
5,2.60783720736,216,3.36845639284,14.9,959.75,14.4,81.0,20.41,1.06,5.3,171.0
5,2.60783720736,216,3.36845639284,4.6,906.4,6.8,80.0,13.915,0.81,3.5,231
5,0.11259972222,336,50.5572752767,16.0,961.8,14.3,75.5,20.91,1.02,5.9,163.5
5,3.69443604376,240,4.45505522924,21.7,989.5,18.05,73.25,24.41,1.13,7.1,129.75
5,3.36845639284,246,4.23773546196,24.55,1003.35,19.93,72.12,26.16,1.19,7.7,112.88
5,3.2597965092,237,4.56371511288,27.4,1017.2,21.8,71.0,27.91,1.24,8.3,96
5,1.84721802188,234,2.93381685828,27.35,1016.6,21.85,71.5,28.07,2.46,13.85,139.5
5,2.49917732372,228,3.2597965092,27.3,1016.0,21.9,72.0,28.23,3.68,19.4,183.0
5,4.02041569468,210,4.78103488016,26.65,1016.85,22.35,77.0,28.14,2.84,13.25,181.5
5,2.06453778916,204,2.716497091,26.32,1017.28,22.58,79.5,28.09,2.42,10.18,180.75
5,9.01877034211,333,11.4092877822,26.0,1017.7,22.8,82.0,28.05,2.0,7.1,180
5,8.25815115663,345.0,10.7573284804,24.9,1019.9,22.3,85.0,27.8,2.26,6.9,165
5,8.91011045847,315,12.1699069677,25.4,1018.1,21.7,80.0,27.04,2.17,7.7,150
5,7.38887208751,312,9.12743022575,26.5,1018.4,21.2,72.0,27.07,2.24,7.1,150
5,6.73691278567,312,8.58413080755,26.6,1009.9,20.5,69.0,1.94,1.84,8.3,147
5,5.97629360019,324,7.38887208751,26.3,1017.1,19.3,65.0,27.1,2.0,7.7,150
5,5.97629360019,345.0,7.71485173843,26.2,1016.4,18.8,64.0,27.13,9.61,6.4,21.0
5,5.97629360019,342.0,7.49753197115,26.4,1015.4,20.2,69.0,27.0,1.76,8.3,153
5,5.97629360019,342.0,7.49753197115,26.1,1015.8,26.1,69.0,26.96,1.76,8.3,153
5,4.45505522924,333,5.21567441472,25.9,1015.55,23.05,69.5,26.93,1.77,4.3,261.0
5,10.8095733331,348.0,43.9138916658,25.7,1015.3,20.0,70.0,26.9,1.78,0.3,369.0
5,3.91175581104,348.0,4.8896947638,26.1,1016.5,20.4,71.0,27.2,8.2,17.1,252.0
5,4.67237499652,174,5.54165406564,-5.9,874.7,29.7,40.0,13.445,2.74,17.4,312
5,3.36845639284,330,4.23773546196,26.1,1017.9,20.7,72.0,26.87,1.23,10.0,141
5,3.15113662556,333,4.02041569468,26.55,1017.65,21.15,72.0,27.09,2.52,9.25,157.5
5,3.04247674192,342.0,4.23773546196,27.0,1017.4,21.6,72.0,27.3,3.82,8.5,174.0
5,3.2597965092,303,3.69443604376,26.7,1017.95,21.5,73.0,27.25,2.57,9.8,156.0
5,2.93381685828,288,3.47711627648,26.4,1018.5,21.4,74.0,27.19,1.32,11.1,138
5,3.15113662556,261,4.23773546196,26.4,1018.0,21.9,76.0,27.23,1.31,8.0,129
5,3.36845639284,249,4.12907557832,27.0,1018.3,20.8,69.0,27.28,1.38,8.3,105
5,3.58577616012,270,4.3463953456,26.7,1016.8,21.1,72.0,27.43,1.19,8.7,102
5,2.82515697464,273,3.91175581104,26.7,1017.1,20.4,68.0,27.33,1.2,8.3,102
5,4.27878944436,156,5.51738638878,26.7,1015.7,20.6,69.0,27.27,1.4,7.4,111
5,2.716497091,267,3.69443604376,26.5,1015.2,20.6,70.0,27.24,1.23,9.1,102
5,3.15113662556,270,3.91175581104,26.6,1015.7,21.0,72.0,27.22,1.21,8.0,108
5,26.6,282.0,1.6,26.8,1016.9,20.9,70.0,25.67,10.9,3.8,354.0
5,2.06453778916,231,3.15113662556,26.5,1013.4,21.0,72.0,27.34,1.22,8.0,99
5,0.5432994182,348.0,1.0865988364,26.3,1013.6,21.25,74.0,27.31,1.29,7.7,97.5
5,2.06453778916,291,2.82515697464,26.1,1013.8,21.5,76.0,27.28,1.35,7.4,96
5,1.41257848732,240,2.1731976728,26.5,1015.1,21.1,104.0,27.25,1.26,7.4,102
5,0.0,192.0,0.10865988364,27.0,1013.0,20.9,69.0,28.645,9.19,17.1,123.0
5,1.30391860368,270,1.84721802188,26.55,1012.95,21.0,71.5,28.01,5.12,12.1,117.0
6,2.39051744008,261,3.04247674192,26.1,1012.9,21.1,74.0,27.38,1.04,7.1,111
6,2.06453778916,258,2.49917732372,26.4,1014.35,23.9,73.5,18.25,1.65,15.95,201.0
6,1.95587790552,246,2.39051744008,26.55,1015.08,25.3,73.25,13.68,1.95,20.38,246.0
6,1.95587790552,237,2.716497091,26.7,1015.8,26.7,73.0,9.115,2.25,24.8,291.0
6,0.10865988364,183,1.19525872004,26.65,1014.4,23.8,72.0,18.48,1.62,16.1,201.0
6,0.21731976728,186,0.977938952759,26.6,1013.0,20.9,71.0,27.84,0.99,7.4,111
6,2.39051744008,225,2.93381685828,26.6,1013.6,21.2,72.0,27.94,0.92,6.9,108
6,3.2597965092,231,4.02041569468,26.4,1012.9,21.7,75.0,27.36,0.8,7.1,102
6,3.36845639284,216,4.12907557832,26.4,1012.75,21.65,75.0,27.35,0.8,8.8,103.5
6,2.49917732372,213,3.36845639284,26.4,1012.6,21.6,75.0,27.34,0.79,10.5,105
6,4.56371511288,210,5.432994182,26.75,1012.7,21.65,73.5,27.41,0.79,10.8,102.0
6,2.716497091,192,3.47711627648,27.1,1012.8,21.7,72.0,27.49,0.78,11.1,99
6,3.15113662556,225,3.69443604376,26.8,1012.7,21.5,73.0,27.43,0.76,7.4,99
6,4.8896947638,207,5.86763371655,26.8,1013.8,21.5,73.0,27.27,0.8,6.9,87
6,0.977938952759,177,5.32433429836,26.75,1013.8,21.6,73.5,27.14,0.89,10.6,79.5
6,4.02041569468,168,4.8896947638,26.7,1013.8,21.7,74.0,27.01,0.98,14.3,72
6,4.45505522924,174,5.32433429836,27.3,1011.9,21.8,72.0,27.14,1.06,13.3,69
6,4.45505522924,174,5.32433429836,27.2,1025.0,21.55,71.0,16.94,1.0,12.9,70.5
6,4.23773546196,174,4.8896947638,27.15,1031.55,21.43,70.5,11.84,0.97,12.7,71.25
6,4.56371511288,168,5.432994182,27.1,1038.1,21.3,70.0,6.74,0.94,12.5,72
6,5.54165406564,186,6.51959301839,27.15,1025.9,21.55,71.0,16.94,1.09,8.5,61.5
6,5.54165406564,171,6.41093313475,27.2,1013.7,21.8,72.0,27.14,1.24,4.5,51
6,4.8896947638,177,5.75897383291,27.1,1013.3,21.9,73.0,27.12,1.24,12.5,51
6,4.67237499652,159,5.86763371655,27.15,1012.85,22.0,73.5,27.1,1.12,11.2,51.0
6,3.8030959274,153,4.45505522924,27.17,1012.62,22.05,73.75,27.09,1.06,10.55,51.0
6,4.45505522924,168,5.54165406564,27.19,1012.51,22.08,73.88,27.09,1.03,10.23,51.0
6,4.12907557832,189,5.10701453108,27.2,1012.4,22.1,74.0,27.08,1.0,9.9,51
6,4.3463953456,195,5.10701453108,14.55,1006.2,23.1,69.5,26.38,2.1,7.45,202.5
6,4.56371511288,354.0,5.65031394927,1.9,1000.0,24.1,65.0,25.685,3.21,5.0,354.0
6,16.6,75.0,9.8,20.7,882.5,20.7,76.0,22.46,0.56,2.3,153.0
6,4.12907557832,207,5.10701453108,27.3,1016.5,22.0,73.0,27.03,1.02,5.3,51
6,5.10701453108,198,6.08495348383,27.2,1015.6,21.9,73.0,27.14,1.02,5.7,48
6,4.99835464744,195,5.75897383291,27.2,1012.7,22.2,74.0,27.28,1.12,10.0,39
6,4.99835464744,195,5.75897383291,27.2,1012.7,22.2,74.0,27.28,1.12,10.0,39
6,4.56371511288,177,5.54165406564,26.7,1014.4,22.1,76.0,27.2,1.05,9.5,42
6,4.56371511288,177,5.54165406564,26.7,1014.4,22.1,76.0,27.2,1.05,9.5,42
6,4.12907557832,183,5.21567441472,27.0,1013.0,22.5,76.0,27.32,1.11,6.9,39
6,4.78103488016,183,5.75897383291,26.7,1011.8,22.2,76.0,27.28,1.29,7.1,42
6,6.95423255295,180,8.69279069119,26.7,1011.8,22.2,76.0,27.28,1.29,7.1,42
6,6.19361336747,156,7.71485173843,26.8,1012.4,21.9,74.0,27.25,1.41,5.1,24
6,5.432994182,153,6.95423255295,27.3,1011.7,23.3,78.0,27.39,1.38,13.5,84
6,5.54165406564,153,6.62825290203,27.4,1011.4,23.1,77.0,27.4,1.39,9.1,33
6,6.19361336747,159,48.4623081034,27.2,1011.85,23.5,80.0,27.38,1.43,8.6,30.0
6,6.30227325111,180,7.28021220387,27.0,1012.3,23.9,83.0,27.37,1.47,8.1,27
6,4.78103488016,171,5.86763371655,27.1,1013.4,23.8,82.0,27.34,1.47,5.0,30
6,3.47711627648,177,4.12907557832,27.15,1014.35,23.6,81.0,27.43,1.27,6.65,39.0
6,3.69443604376,210,4.45505522924,27.2,1015.3,23.4,80.0,27.52,1.07,8.3,48
6,3.69443604376,210,4.45505522924,27.2,1015.3,23.4,80.0,27.52,1.07,8.3,48
6,3.58577616012,192,4.3463953456,27.05,1015.35,23.05,79.0,27.45,1.08,8.3,54.0
6,3.69443604376,201,4.56371511288,26.9,1015.4,22.7,78.0,27.37,1.09,8.3,60
6,2.716497091,183,3.2597965092,27.25,1015.55,22.4,75.0,27.51,1.0,7.85,70.5
6,1.30391860368,153,1.73855813824,27.6,1015.7,22.1,72.0,27.64,0.91,7.4,81
6,1.30391860368,153,1.73855813824,27.6,1015.7,22.1,72.0,27.64,0.91,7.4,81
6,1.6298982546,15,2.49917732372,26.9,1016.8,22.1,75.0,27.6,0.98,7.7,114
6,6.84557266931,348.0,8.14949127299,25.9,1016.5,23.1,84.0,27.34,1.52,6.5,165
6,5.21567441472,9,6.30227325111,25.1,1016.5,23.3,90.0,27.23,1.43,6.3,162
6,4.45505522924,183,5.432994182,25.8,1016.0,22.5,82.0,27.13,1.36,7.4,150
6,3.36845639284,60,4.23773546196,26.4,1017.3,23.2,82.0,27.05,1.21,5.9,144
6,1.95587790552,144,2.49917732372,26.5,1017.1,22.6,79.0,27.04,1.16,11.1,135
6,2.49917732372,126,3.15113662556,26.4,1016.85,22.25,78.0,27.05,10.81,18.3,258.0
6,3.15113662556,63,4.02041569468,26.3,1016.6,21.9,77.0,27.05,20.47,25.5,381.0
6,2.716497091,39,3.58577616012,26.6,1018.0,21.7,75.0,27.35,1.0,10.0,126
6,4.67237499652,330,5.86763371655,26.5,1018.1,22.9,81.0,27.14,1.0,15.3,204
6,5.432994182,324,6.62825290203,26.0,1018.0,25.0,85.0,27.06,1.13,10.5,153
6,5.97629360019,120,6.73691278567,16.5,981.6,16.5,53.0,27.12,12.65,19.6,180.0
6,2.49917732372,357.0,3.36845639284,24.7,1019.1,22.9,89.0,26.93,1.6,6.7,168
6,3.04247674192,30,3.69443604376,24.35,1019.35,22.3,87.5,26.82,6.75,4.15,265.5
6,2.82515697464,51,3.36845639284,24.0,1019.6,21.7,86.0,26.71,11.89,1.6,363.0
6,4.02041569468,336.0,4.8896947638,25.3,1019.8,25.2,82.0,27.1,0.59,8.0,162
6,3.69443604376,336,4.3463953456,25.7,1020.3,21.7,79.0,27.07,1.07,7.1,162
6,8.80145057483,330,10.865988364,24.4,1020.8,22.1,87.0,27.04,2.29,6.5,177
6,7.60619185479,144,9.34474999303,24.4,1020.6,21.7,84.0,27.0,2.58,7.1,165
6,9.34474999303,54,27.3822906773,24.55,1021.5,21.1,81.0,26.92,2.9,7.7,163.5
6,8.04083138935,315,10.5400087131,24.7,1022.4,20.5,78.0,26.84,3.21,8.3,162
6,12.6111688886,162,45.1524886102,24.9,1021.6,20.3,75.0,26.79,2.76,7.7,168
6,8.69279069119,324,11.1919680149,25.7,1022.1,17.3,60.0,26.77,2.53,8.0,165
6,6.19361336747,324,7.93217150571,25.35,1021.8,17.95,64.0,26.7,2.21,7.55,160.5
6,7.38887208751,336,8.91011045847,25.0,1021.5,18.6,68.0,26.63,1.89,7.1,156
6,6.62825290203,324,8.69279069119,25.05,1021.2,18.6,67.5,26.66,1.73,6.6,163.5
6,6.62825290203,339.0,8.25815115663,25.1,1020.9,18.6,67.0,26.68,1.58,6.1,171
6,7.28021220387,339.0,8.80145057483,25.1,1020.9,18.6,67.0,26.68,1.58,6.1,171
6,7.28021220387,339.0,8.80145057483,25.1,1020.9,18.6,67.0,26.68,1.58,6.1,171
6,6.08495348383,327,7.60619185479,25.0,1022.1,17.6,64.0,26.65,1.35,6.5,162
6,5.10701453108,336,6.08495348383,24.8,1020.4,-8.7,62.0,26.67,1.31,6.5,147
6,4.99835464744,336.0,6.30227325111,24.8,1020.5,4.7,64.0,26.62,1.31,6.4,148.5
6,6.08495348383,330,7.93217150571,24.8,1020.6,18.1,66.0,26.57,1.3,6.3,150
6,6.73691278567,333,8.36681104027,25.0,1019.4,19.0,69.0,26.49,1.32,7.1,150
6,5.432994182,315,6.84557266931,24.8,1020.1,19.9,78.0,26.21,1.31,7.1,141
6,16.298982546,198,33.6845639284,24.9,1019.85,19.0,71.5,26.19,1.24,6.7,135.0
6,4.12907557832,312,4.8896947638,25.0,1019.6,18.1,65.0,26.17,1.17,6.3,129
6,4.12907557832,303,5.54165406564,25.6,1019.9,15.6,54.0,26.26,1.2,5.9,123
6,3.58577616012,315,4.67237499652,25.9,1019.5,17.9,61.0,26.21,3.8,6.5,162.0
6,2.49917732372,282,3.2597965092,25.8,1020.2,20.2,71.0,26.13,1.14,7.1,114
6,4.67237499652,300,5.54165406564,25.9,1018.8,19.6,68.0,26.19,1.25,6.7,114
6,4.45505522924,294,5.32433429836,26.0,1018.3,19.5,67.0,26.31,1.25,5.7,117
6,4.02041569468,285,4.67237499652,25.7,1018.8,18.8,65.0,26.25,1.18,6.9,123
6,4.02041569468,285,4.67237499652,25.7,1018.8,18.8,65.0,26.25,1.18,6.9,123
6,3.36845639284,285,4.02041569468,25.7,1020.0,19.8,70.0,26.06,1.09,6.5,123
6,4.67237499652,294,5.54165406564,25.5,1018.4,20.1,72.0,26.04,0.99,11.8,117
6,4.67237499652,294,5.54165406564,25.9,1018.6,18.85,65.5,31.25,1.04,9.45,112.5
6,3.69443604376,276,4.3463953456,26.3,1018.8,17.6,59.0,36.46,1.08,7.1,108
6,3.15113662556,285,4.12907557832,26.0,1018.3,18.4,63.0,26.24,1.02,5.9,102
6,3.8030959274,285,4.78103488016,25.8,1019.6,19.3,67.0,26.15,0.95,7.4,105
6,3.8030959274,306,4.56371511288,25.6,1019.8,19.5,69.0,26.13,0.96,6.9,102
6,4.45505522924,309,5.21567441472,25.5,1018.4,19.9,71.0,26.08,0.94,6.9,108
6,4.56371511288,306,5.54165406564,25.5,1018.6,19.8,71.0,26.08,0.9,7.4,105
6,3.36845639284,327,4.02041569468,25.55,1019.85,20.45,73.5,26.07,1.0,7.4,120.0
6,4.12907557832,321,4.78103488016,25.58,1020.48,20.77,74.75,26.06,1.04,7.4,127.5
6,5.10701453108,321,5.97629360019,25.6,1021.1,21.1,76.0,26.06,1.09,7.4,135
6,4.99835464744,327,5.97629360019,25.8,1021.2,20.7,74.0,26.06,1.26,11.4,159
6,7.28021220387,303,9.67072964395,24.1,1019.5,19.9,77.0,25.98,1.44,5.7,141
6,4.12907557832,300,4.78103488016,25.6,1020.1,19.5,69.0,26.13,1.4,5.3,126
6,3.58577616012,297,4.56371511288,25.6,1020.5,20.0,71.0,26.12,1.07,7.8,225.0
6,2.1731976728,249,3.2597965092,25.2,1018.8,20.0,73.0,26.06,1.18,7.1,114
6,3.15113662556,246,4.02041569468,12.85,1070.8,19.9,70.5,26.07,1.29,7.4,121.5
6,2.39051744008,237,3.15113662556,0.5,1122.8,19.8,68.0,26.09,1.41,7.7,129
6,2.39051744008,264,3.15113662556,26.0,1020.3,19.1,66.0,26.23,1.61,7.4,33
6,2.39051744008,282,3.04247674192,25.5,1019.3,19.0,67.0,26.11,1.53,12.5,135
6,3.2597965092,279,4.12907557832,25.4,1018.2,20.0,72.0,26.09,1.38,7.4,126
6,2.716497091,273,3.36845639284,25.75,1019.1,20.35,72.0,26.17,1.34,7.4,124.5
6,3.15113662556,288,4.12907557832,26.1,1020.0,20.7,72.0,26.25,1.31,7.4,123
6,4.12907557832,300,4.99835464744,25.9,1019.1,20.7,73.0,26.28,1.19,7.4,120
6,4.12907557832,300,4.99835464744,25.9,1019.1,20.7,73.0,26.28,1.15,9.0,312
6,5.32433429836,288,6.84557266931,24.9,1020.7,20.8,78.0,26.06,1.45,7.7,129
6,7.17155232023,330,8.36681104027,23.7,1019.6,19.5,77.0,26.05,1.64,17.8,135
6,4.56371511288,312,5.54165406564,25.2,1019.8,21.0,78.0,26.03,1.46,5.4,129
6,7.49753197115,312,9.56206976031,24.8,1020.6,20.5,77.5,25.99,1.92,7.05,139.5
6,8.80145057483,321,11.3006278985,24.6,1021.0,20.25,77.25,25.97,2.15,7.88,144.75
6,6.95423255295,324,9.56206976031,24.4,1021.4,20.0,77.0,25.95,2.38,8.7,150
6,7.71485173843,285,9.67072964395,22.2,1021.2,20.3,89.0,26.09,0.0,0.0,0.0
6,4.56371511288,153,5.97629360019,23.5,1020.5,20.5,83.0,26.1,2.4,8.7,141
6,4.8896947638,306,6.19361336747,25.6,1021.8,20.5,73.0,26.16,2.83,10.5,138
6,4.99835464744,300,5.86763371655,26.0,1020.9,19.4,67.0,26.19,2.37,7.7,135
6,5.10701453108,297,6.08495348383,25.1,1021.2,19.8,74.0,26.165,2.27,7.9,135
6,5.10701453108,297,6.08495348383,25.1,1021.2,20.2,74.0,26.16,4.5,22.2,318.0
6,5.21567441472,297,6.30227325111,22.2,1022.0,21.0,76.0,26.16,2.23,10.0,132
6,5.54165406564,288,6.73691278567,25.6,1021.8,21.0,75.0,26.15,17.85,10.9,327.0
6,6.62825290203,291,8.58413080755,26.0,1021.9,19.9,69.0,26.15,2.49,11.1,129
6,5.86763371655,294,7.49753197115,25.9,1020.9,20.0,70.0,26.24,2.5,11.1,129
6,4.23773546196,297,5.54165406564,24.95,1020.5,20.6,75.0,26.14,3.1,12.6,205.5
6,3.8030959274,294,4.8896947638,24.0,1020.1,21.2,80.0,26.04,3.71,14.1,282
6,3.91175581104,294,5.10701453108,25.1,1020.1,21.2,79.0,26.08,2.12,10.0,135
6,2.93381685828,297,3.69443604376,25.0,1020.1,21.5,81.0,26.08,2.14,10.25,127.5
6,4.02041569468,285,4.8896947638,24.95,1020.1,21.65,82.0,26.08,2.15,10.38,123.75
6,1.95587790552,252,4.23773546196,24.9,1020.1,21.8,83.0,26.08,2.16,10.5,120
6,5.54165406564,264,6.73691278567,25.25,1020.3,21.1,78.0,26.05,2.27,10.25,117.0
6,5.32433429836,270,6.41093313475,25.43,1020.4,20.75,75.5,26.04,2.32,10.12,115.5
6,5.54165406564,273,6.73691278567,25.6,1020.5,20.4,73.0,26.02,2.37,10.0,114
6,5.21567441472,267,6.84557266931,25.6,1020.5,17.5,73.0,26.03,13.65,17.0,318.0
6,5.432994182,264,6.62825290203,25.85,1020.25,18.25,69.0,26.08,8.26,14.15,310.5
6,5.32433429836,264,6.73691278567,25.98,1020.12,18.62,67.0,26.1,5.56,12.73,306.75
6,5.21567441472,264,6.41093313475,26.1,1020.0,19.0,65.0,26.12,2.87,11.3,303
6,5.65031394927,270,7.06289243659,25.8,1020.5,19.9,70.0,26.06,2.46,8.0,111
7,5.65031394927,279,7.17155232023,25.3,1020.1,19.5,70.0,26.0,2.33,8.7,114
7,4.56371511288,270,5.86763371655,25.5,1021.4,-5.3,73.0,25.99,2.32,10.5,108
7,4.23773546196,279,5.21567441472,26.0,1020.6,20.1,70.0,26.05,2.29,9.5,108
7,3.8030959274,291,4.67237499652,25.6,1020.2,20.5,73.0,26.02,2.0,8.0,114
7,7.49753197115,264,9.56206976031,25.5,1020.35,19.75,70.5,25.98,2.19,8.15,109.5
7,6.41093313475,273,7.82351162207,25.45,1020.42,19.38,69.25,25.96,2.29,8.23,107.25
7,6.84557266931,276,8.80145057483,25.4,1020.5,19.0,68.0,25.94,2.38,8.3,105
7,6.41093313475,285,7.82351162207,25.9,1022.6,19.1,66.0,25.95,2.49,10.0,111
7,34.6625028811,342.0,39.6608575286,25.7,1021.6,20.3,72.0,26.05,2.19,10.0,105.0
7,4.8896947638,252,6.19361336747,25.5,1020.6,21.5,78.0,26.14,1.89,10.0,99
7,6.08495348383,237,7.60619185479,24.6,1019.9,21.7,84.0,26.12,1.9,8.0,102
7,6.41093313475,267,8.36681104027,25.9,1021.1,19.5,68.0,26.03,2.24,10.0,105
7,6.84557266931,273,8.14949127299,25.8,1022.0,19.6,68.0,26.04,2.33,8.8,102
7,5.65031394927,273,6.62825290203,25.5,1020.7,20.0,72.0,26.05,2.08,8.0,96
7,5.10701453108,270,20.1020784734,25.4,1021.7,20.1,72.0,27.95,1.92,8.7,102
7,4.67237499652,276,5.65031394927,24.9,1021.2,19.95,74.0,26.89,2.02,8.5,99.0
7,5.75897383291,273,7.38887208751,24.4,1020.7,19.8,76.0,25.84,2.12,8.3,96
7,5.75897383291,267,7.38887208751,24.7,1019.75,20.1,75.5,25.85,2.0,8.7,91.5
7,4.3463953456,276,5.54165406564,25.0,1018.8,20.4,75.0,25.86,1.89,9.1,87
7,4.3463953456,246,5.54165406564,24.6,1019.6,21.4,82.0,26.01,1.82,9.1,90
7,1.73855813824,108,2.39051744008,25.3,1018.0,19.9,72.0,26.01,1.53,8.7,96
7,1.30391860368,258,1.95587790552,24.9,1018.2,20.6,77.0,25.98,2.0,9.1,90
7,3.2597965092,219,4.23773546196,25.0,1018.1,20.2,74.5,25.94,1.86,9.3,87.0
7,3.15113662556,225,3.91175581104,25.05,1018.05,20.0,73.25,25.91,1.79,9.4,85.5
7,3.15113662556,225,3.91175581104,25.1,1018.0,19.8,72.0,25.89,1.73,9.5,84
7,3.15113662556,207,3.91175581104,25.6,1019.0,19.8,70.0,25.86,1.65,9.5,81
7,3.2597965092,171,4.23773546196,26.1,1017.5,20.3,70.0,26.33,1.67,10.0,87
7,2.49917732372,153,3.15113662556,25.9,1016.0,21.4,76.0,26.3,1.8,1.9,345.0
7,2.60783720736,156,3.15113662556,25.5,1016.3,21.2,77.0,26.25,1.69,9.5,90
7,3.2597965092,189,3.91175581104,25.6,1017.3,20.8,75.0,26.14,1.67,8.7,90
7,2.82515697464,273,3.8030959274,26.1,1018.65,20.8,72.5,26.66,1.55,9.1,91.5
7,1.52123837096,213,2.28185755644,26.35,1019.33,20.8,71.25,26.91,1.5,9.3,92.25
7,0.10865988364,243,1.52123837096,26.6,1020.0,20.8,70.0,27.17,1.44,9.5,93
7,7.06289243659,327,8.47547092391,24.1,1020.3,21.4,85.0,26.07,1.32,9.1,126
7,7.38887208751,321,8.80145057483,24.7,1019.5,19.6,73.0,26.03,2.07,7.1,156
7,6.08495348383,309,7.38887208751,24.9,1020.9,18.7,68.0,25.97,1.87,6.5,144
7,5.54165406564,318,6.84557266931,24.8,1019.7,17.9,65.0,25.97,1.82,9.1,138
7,5.86763371655,312,7.06289243659,24.9,1019.5,18.1,66.0,26.01,1.68,7.4,138
7,5.21567441472,312,6.62825290203,24.7,1020.2,17.6,64.0,25.94,1.66,8.7,135
7,5.432994182,315,6.62825290203,24.6,1020.2,17.2,63.0,25.92,1.58,8.7,136.5
7,4.56371511288,294,5.65031394927,24.5,1020.2,16.8,62.0,25.9,1.51,8.7,138
7,1.95587790552,315,3.36845639284,24.6,1019.7,17.45,64.5,26.02,1.37,8.7,124.5
7,1.84721802188,321,2.60783720736,24.65,1019.45,17.77,65.75,26.07,1.3,8.7,117.75
7,1.84721802188,261,2.49917732372,24.67,1019.33,17.94,66.38,26.1,1.27,8.7,114.38
7,1.84721802188,243,3.04247674192,24.7,1019.2,18.1,67.0,26.13,1.23,8.7,111
7,2.716497091,252,3.58577616012,24.65,1018.65,17.05,63.0,26.07,1.18,8.5,112.5
7,2.49917732372,255,3.69443604376,24.62,1018.38,16.52,61.0,26.04,1.15,8.4,113.25
7,2.28185755644,255,3.15113662556,24.6,1018.1,16.0,59.0,26.01,1.12,8.3,114
7,0.0,201,49.2229272889,24.9,1017.7,16.2,58.5,26.16,1.1,8.5,124.5
7,0.977938952759,219,2.1731976728,25.2,1017.3,16.4,58.0,26.31,1.09,8.7,135.0
7,0.5432994182,243,1.41257848732,25.7,1016.8,15.0,52.0,26.4,1.12,10.0,114
7,0.977938952759,219,2.1731976728,25.2,1017.3,16.4,58.0,26.31,1.09,8.7,111
7,2.28185755644,228,2.93381685828,25.0,1018.0,17.6,63.0,26.12,0.99,10.5,114
7,3.47711627648,249,4.02041569468,25.1,1017.7,18.6,67.0,26.03,1.06,9.5,108
7,2.716497091,231,3.58577616012,24.8,1016.1,18.5,68.0,26.01,1.13,8.7,105
7,2.28185755644,264,2.93381685828,25.2,1017.7,18.8,68.0,25.99,1.11,8.7,105
7,2.1731976728,243,2.93381685828,27.1,1016.3,19.1,68.0,26.48,1.07,8.7,105
7,2.1731976728,243,2.93381685828,25.5,1016.3,19.1,68.0,26.48,1.07,8.7,105
7,2.39051744008,237,3.04247674192,25.2,1017.7,19.1,69.0,26.16,0.98,9.1,105
7,3.47711627648,219,4.3463953456,25.1,1017.0,19.9,73.0,25.95,0.97,8.7,103.5
7,4.02041569468,213,4.78103488016,25.0,1016.3,20.7,77.0,25.75,0.97,8.3,102
7,10.4313488294,213,20.5367180079,24.6,1016.8,20.5,78.0,25.73,6.76,10.2,114.0
7,2.82515697464,117,13.6911453386,25.25,1016.95,20.35,74.5,25.91,3.77,9.65,102.0
7,2.49917732372,231,3.15113662556,25.57,1017.03,20.27,72.75,26.0,2.27,9.38,96.0
7,2.49917732372,231,3.15113662556,25.9,1017.1,20.2,71.0,26.09,0.78,9.1,90
7,3.04247674192,207,3.8030959274,25.5,1018.5,19.5,69.0,25.97,9.88,1.5,210.0
7,2.60783720736,243,3.2597965092,25.1,1017.9,19.9,73.0,5.47,0.8,9.1,87
7,3.2597965092,252,4.02041569468,25.1,1017.3,20.2,74.0,25.91,3.69,7.1,351.0
7,3.04247674192,216,3.8030959274,25.8,1016.5,21.4,76.0,26.24,0.88,6.3,75
7,2.82515697464,213,3.69443604376,24.6,1016.7,21.9,85.0,26.07,1.21,6.5,75
7,4.12907557832,234,4.8896947638,25.6,1016.4,20.4,73.0,26.01,1.29,8.0,75
7,3.8030959274,231,4.56371511288,25.2,1015.8,20.1,74.0,25.99,1.28,7.1,78
7,3.58577616012,228,4.3463953456,25.2,1016.1,20.2,74.0,25.98,1.34,6.9,78
7,1.95587790552,207,2.60783720736,25.7,1015.6,20.3,72.0,26.49,1.12,7.1,78
7,2.39051744008,219,3.04247674192,25.6,1015.7,20.6,74.0,26.49,0.99,7.4,78
7,3.47711627648,231,4.23773546196,24.9,1016.7,21.1,79.0,26.33,0.97,6.5,75
7,3.58577616012,231,4.3463953456,25.6,1015.5,19.5,69.0,26.27,1.03,7.4,78
7,3.15113662556,216,3.91175581104,25.1,1015.1,20.3,75.0,26.26,1.08,7.4,72
7,3.2597965092,204,4.23773546196,25.6,1014.35,20.25,72.5,26.34,1.16,7.85,73.5
7,3.8030959274,162,4.67237499652,26.1,1013.6,20.2,70.0,26.42,1.23,8.3,75
7,4.02041569468,195,4.67237499652,26.1,1013.7,20.2,70.0,26.42,1.23,8.3,75
7,32.9917186104,150,36.1445108326,25.75,1013.65,20.6,73.5,26.32,1.22,8.5,67.5
7,5.432994182,183,6.41093313475,25.4,1013.6,21.0,77.0,26.21,1.21,8.7,60
7,5.75897383291,177,6.84557266931,25.3,1013.9,21.1,77.0,26.16,11.53,15.0,315.0
7,6.30227325111,153,7.82351162207,26.3,1013.9,21.2,73.0,26.16,1.4,8.3,48
7,6.08495348383,159,7.49753197115,26.3,1012.7,21.3,74.0,26.21,1.51,8.0,42
7,4.99835464744,165,6.19361336747,27.6,1013.5,21.7,77.0,26.22,14.05,25.4,60.0
7,2.60783720736,183,3.15113662556,26.6,1013.85,21.6,75.5,26.16,7.62,16.7,57.0
7,4.23773546196,210,4.78103488016,25.6,1014.2,21.5,74.0,26.1,1.19,8.0,54
7,2.39051744008,204,3.15113662556,25.7,1015.0,20.7,74.0,25.92,17.35,14.8,201.0
7,0.760619185479,246,1.30391860368,25.5,1015.5,20.0,71.5,26.81,10.14,9.1,163.5
9,8.58413080755,183,10.3226889458,25.3,1016.0,19.3,69.0,27.7,2.93,3.4,126
9,8.36681104027,198,9.67072964395,25.3,1017.6,19.6,70.0,25.43,1.43,8.0,66
9,9.99670929487,207,12.1699069677,24.8,1006.3,15.9,71.0,1.17,9.8,16.0,186.0
9,9.34474999303,189,11.4092877822,25.6,1016.8,19.4,69.0,25.39,1.67,20.8,93.0
9,9.88804941123,189,11.8439273167,25.7,1014.3,20.3,72.0,25.45,1.59,8.0,69
9,9.56206976031,189,11.3006278985,25.5,1014.6,20.3,73.0,25.44,1.71,8.3,69
9,8.04083138935,186,9.56206976031,22.3,1017.5,20.8,75.0,25.51,1.42,9.1,72
9,7.60619185479,201,9.56206976031,25.5,1017.5,20.6,74.0,25.56,1.43,9.5,69
9,9.45340987667,192,11.0833081313,25.3,1015.5,20.4,74.0,25.53,1.39,7.7,66
9,8.36681104027,207,9.88804941123,25.45,1016.3,19.85,74.5,25.49,1.42,7.7,69.0
9,7.60619185479,210,9.23609010939,25.6,1017.1,19.3,75.0,25.45,1.46,7.7,72
9,7.28021220387,204,8.80145057483,25.75,1017.65,20.25,75.0,25.66,1.46,7.7,73.5
9,6.95423255295,207,8.80145057483,25.9,1018.2,21.2,75.0,25.88,1.47,7.7,75
9,6.95423255295,243,9.01877034211,25.3,1017.9,21.6,80.0,25.87,14.09,8.2,9
9,7.38887208751,267,9.01877034211,25.25,1017.6,20.7,75.5,25.8,7.76,8.05,177.0
9,5.97629360019,261,7.71485173843,25.23,1017.45,20.25,73.25,25.76,4.59,7.98,261.0
9,8.14949127299,249,10.2140290622,25.21,1017.38,20.02,72.12,25.74,3.01,7.94,303.0
9,7.93217150571,258,9.45340987667,25.2,1017.3,19.8,71.0,25.72,1.43,7.9,345.0
9,5.32433429836,249,6.95423255295,25.4,1018.2,20.5,74.0,25.8,20.18,24.8,75.0
9,8.04083138935,249,10.6486685967,24.7,1061.3,20.4,68.0,4.14,1.71,11.4,156
9,8.58413080755,234,11.3006278985,25.5,1019.3,19.0,67.0,25.67,1.43,8.7,84
9,4.8896947638,261,7.38887208751,24.8,1016.6,19.2,71.0,26.21,1.23,9.1,84
9,9.56206976031,273,12.6045465022,24.1,1016.9,20.6,81.0,25.96,1.16,8.7,87
9,7.60619185479,225,12.061247084,24.45,1016.35,19.95,76.0,25.82,1.27,8.7,84.0
9,9.12743022575,228,12.3872267349,24.8,1015.8,19.3,71.0,25.67,1.39,8.7,81
9,6.51959301839,219,8.36681104027,25.1,1015.3,19.05,69.0,25.77,1.33,8.7,79.5
9,6.41093313475,174,8.58413080755,25.4,1014.8,18.8,67.0,25.88,1.27,8.7,78
9,7.17155232023,186,9.56206976031,25.6,1013.9,18.4,64.0,25.9,1.17,8.7,81
9,10.9746482476,198,13.1478459204,25.6,1014.65,18.55,65.0,25.73,1.2,8.9,72.0
9,10.5400087131,189,12.7132063859,25.6,1015.4,18.7,66.0,25.57,1.23,9.1,63
9,9.88804941123,174,12.1699069677,25.8,1015.5,19.7,69.0,25.73,3.66,24.2,57.0
9,10.1053691785,174,12.2785668513,25.7,1014.75,20.3,72.0,25.71,2.43,16.65,63.0
9,9.12743022575,192,11.0833081313,25.6,1014.0,20.9,75.0,25.7,1.2,9.1,69
9,7.38887208751,201,9.77938952759,25.5,1013.35,21.3,77.5,25.64,1.23,9.3,69.0
9,10.6486685967,201,13.2565058041,25.4,1012.7,21.7,80.0,25.58,1.26,9.5,69
9,9.77938952759,189,12.8218662695,25.5,1013.2,21.8,80.0,25.55,1.35,10.0,63
9,9.77938952759,189,12.8218662695,25.5,1013.2,21.8,80.0,25.55,1.35,10.0,63
9,4.78103488016,183,6.30227325111,26.2,1014.0,22.0,78.0,25.9,1.21,6.3,63
9,3.04247674192,204,6.19361336747,25.15,1015.0,21.15,78.5,25.74,1.83,6.5,115.5
9,14.4517645241,330,18.1462005679,24.1,1016.0,20.3,79.0,25.59,2.45,6.7,168
9,14.2344447568,327,17.3855813824,24.35,1016.4,19.5,74.0,25.6,2.18,7.35,168.0
9,10.6486685967,327,12.9305261531,24.6,1016.8,18.7,69.0,25.61,1.91,8.0,168
9,9.99670929487,324,12.2785668513,24.9,1017.1,17.8,64.0,25.61,1.93,6.1,171
9,9.99670929487,324,12.2785668513,24.9,1132.1,17.9,65.0,35.87,1.38,12.3,342.0
9,10.5400087131,324,13.3651656877,24.8,1017.4,18.5,68.0,25.61,1.92,6.9,168
9,9.34474999303,318,10.9746482476,25.1,1019.2,17.6,63.0,25.57,1.75,8.7,156
9,7.71485173843,306,9.77938952759,24.8,1018.2,18.4,68.0,25.52,1.49,5.9,153
9,8.14949127299,300,9.88804941123,25.0,1019.7,18.5,67.0,25.5,1.35,6.4,228.0
9,6.98118277763,135,8.33237944427,24.65,1018.5,18.8,70.0,25.5,4.08,7.55,193.5
9,7.60619185479,303,9.99670929487,24.48,1017.9,18.95,71.5,25.5,5.44,8.12,176.25
9,7.06289243659,267,9.12743022575,24.3,1017.3,19.1,73.0,25.5,6.8,8.7,159.0
9,5.97629360019,261,7.82351162207,24.3,1017.3,19.1,73.0,25.49,1.45,9.5,138
9,3.8030959274,255,6.41093313475,25.4,1016.8,18.7,66.0,26.01,1.4,11.1,138
9,7.38887208751,222,9.34474999303,24.7,1015.7,19.3,72.0,25.6,1.42,9.5,132
9,5.32433429836,210,7.17155232023,24.7,1015.2,19.8,74.0,25.51,1.23,10.5,132
9,6.73691278567,231,8.69279069119,25.4,1013.5,20.0,72.0,25.92,1.23,10.5,120
9,7.28021220387,201,9.56206976031,25.3,1012.2,20.3,74.0,25.5,1.18,9.1,114
9,7.06289243659,198,8.36681104027,25.3,1013.3,20.2,73.0,25.55,1.11,20.6,120.0
9,3.8030959274,165,7.93217150571,26.0,1013.5,21.5,76.0,26.03,1.09,8.3,96
9,3.2597965092,198,5.97629360019,25.45,1014.05,19.65,70.5,25.84,1.07,7.4,90.0
9,4.45505522924,198,6.41093313475,25.17,1014.33,18.73,67.75,25.74,1.06,6.95,87.0
9,0.869279069119,213,2.60783720736,25.04,1014.47,18.27,66.38,25.7,1.06,6.72,85.5
9,0.0,237.0,0.32597965092,24.9,1014.6,17.8,65.0,25.65,1.05,6.5,84
9,4.23773546196,243,6.41093313475,24.4,1017.1,21.0,81.0,25.69,1.13,6.3,123
9,0.0,0.0,0.0,24.0,1017.1,21.2,84.0,25.65,1.24,6.7,126
9,8.80145057483,300,10.6486685967,25.2,1016.4,20.3,74.0,25.68,1.6,6.1,144
9,8.91011045847,288,10.4313488294,24.7,1016.2,20.3,76.0,25.6,1.4,12.3,378.0
9,8.04083138935,270,9.56206976031,24.6,1014.8,20.2,76.0,25.57,1.47,5.9,126
9,7.93217150571,255,9.45340987667,25.1,1016.0,20.5,76.0,25.57,1.58,5.4,120
9,5.32433429836,207,7.93217150571,25.6,1013.0,21.7,79.0,26.0,1.21,11.1,111
9,5.10701453108,183,7.49753197115,25.7,1012.9,21.7,78.0,25.92,1.28,8.7,108
9,4.23773546196,192,6.41093313475,25.6,1014.3,21.5,78.0,25.74,1.27,8.0,114
9,6.51959301839,195,8.14949127299,25.4,1013.3,21.7,80.0,25.67,1.18,9.0,103.5
9,6.19361336747,204,7.93217150571,25.2,1012.3,21.9,82.0,25.61,1.08,10.0,93
9,6.95423255295,186,8.36681104027,25.75,1012.75,22.0,80.0,25.69,1.12,9.75,87.0
9,4.78103488016,189,6.62825290203,26.3,1013.2,22.1,78.0,25.77,1.17,9.5,81
9,5.10701453108,219,6.62825290203,25.7,1015.6,21.6,78.0,25.52,1.15,10.0,87
10,4.99835464744,228,7.49753197115,25.7,1016.3,22.1,80.0,25.56,1.19,10.5,93
10,6.19361336747,249,7.82351162207,25.4,1015.3,21.9,81.0,25.52,1.11,9.1,90
10,1.41257848732,267,3.47711627648,26.0,1018.4,21.7,77.0,25.51,1.05,8.0,96
10,8.47547092391,294,9.67072964395,25.8,1016.1,21.8,79.0,25.99,1.01,7.1,114
10,6.62825290203,285,8.04083138935,25.8,1018.3,21.6,77.0,25.72,1.04,8.7,15
10,7.54418138873,111,9.34577694425,25.1,1015.8,21.5,80.0,25.63,1.25,8.0,102
10,8.14949127299,276,9.45340987667,25.8,1018.4,21.7,78.0,25.68,1.34,7.4,117
10,9.01877034211,294,11.9525872004,26.0,1016.3,21.5,76.0,25.83,7.96,10.4,3.0
10,11.5179476658,294,14.8864040587,24.6,1013.0,20.7,78.0,25.47,1.98,7.4,135
10,11.1919680149,288,14.2344447568,25.2,1017.6,20.8,76.0,25.51,1.86,6.9,126
10,11.1919680149,282,14.5604244077,25.2,1015.9,19.7,71.0,25.65,1.97,6.9,123
10,10.3226889458,285,13.9084651059,25.2,1015.4,22.45,71.0,25.66,1.91,7.0,72.0
10,9.99670929487,279,14.2344447568,25.2,1014.9,25.2,71.0,25.66,1.84,7.1,21
10,10.1053691785,279,13.3651656877,25.0,1015.2,19.8,73.0,25.69,1.98,7.4,123
10,9.12743022575,273,11.4092877822,24.75,1014.35,19.4,72.0,25.63,1.84,7.05,120.0
10,8.91011045847,267,10.2140290622,24.5,1013.5,19.0,71.0,25.58,1.7,6.7,117
10,7.06289243659,243,8.25815115663,24.95,1012.75,20.25,75.0,25.7,1.58,6.9,105.0
10,8.14949127299,243,9.67072964395,25.4,1012.0,21.5,79.0,25.82,1.46,7.1,93
10,8.33237944427,21,10.246574722,25.85,1010.55,21.75,78.0,25.77,1.47,7.25,63.0
10,9.77938952759,180,12.4958866186,26.08,1009.83,21.88,77.5,25.74,1.48,7.33,48.0
10,10.1053691785,147,12.7132063859,26.3,1009.1,22.0,77.0,25.72,1.48,7.4,33
10,8.91011045847,159,10.4313488294,26.0,1007.8,22.2,80.0,25.67,1.47,6.1,27
10,7.71485173843,162,9.23609010939,26.0,1008.6,22.7,82.0,25.63,1.55,6.9,39
10,6.62825290203,162,8.25815115663,25.7,1006.8,22.8,84.0,25.6,1.38,7.7,51
10,0.21731976728,189,1.6298982546,23.2,1009.8,22.2,94.0,25.03,1.39,8.0,84
10,5.54165406564,144,7.17155232023,25.6,1007.2,22.7,84.0,25.86,1.41,7.4,78
10,8.04083138935,174,9.77938952759,25.85,1007.6,23.0,84.0,25.81,1.5,6.95,63.0
10,8.25815115663,183,9.45340987667,26.1,1008.0,23.3,84.0,25.77,1.59,6.5,48
10,7.38887208751,180,9.01877034211,26.1,1007.6,23.6,86.0,25.75,1.75,6.5,51
10,9.56206976031,159,13.582485455,26.4,1009.1,23.7,85.0,25.77,2.05,7.1,42
10,9.01877034211,156,10.7573284804,26.5,1006.8,23.6,84.0,25.85,1.99,6.9,42
10,8.69279069119,159,10.5400087131,26.3,1007.4,23.2,83.0,25.8,8.19,15.3,297.0
10,0.5432994182,138,1.95587790552,26.0,1010.3,24.2,94.0,27.01,7.49,11.3,342.0
10,6.64338361097,306,11.3725719442,25.6,1012.2,22.9,87.0,26.46,4.62,9.8,208.5
10,0.43463953456,336.0,2.1731976728,25.2,1014.1,21.6,80.0,25.91,1.74,8.3,75
10,0.10865988364,357.0,1.30391860368,25.65,1014.75,22.25,81.0,25.99,1.53,15.1,91.5
10,13.0615677775,138,56.7502599988,25.88,1015.08,22.57,81.5,26.03,1.43,18.5,99.75
10,1.73855813824,252,2.716497091,25.99,1015.24,22.73,81.75,26.05,1.38,20.2,103.88
10,0.0,177.0,0.10865988364,26.1,1015.4,22.9,82.0,26.07,1.32,21.9,108.0
10,5.54165406564,213,8.80145057483,25.9,1016.7,23.3,85.0,25.89,1.35,8.3,87
10,5.86763371655,252,9.12743022575,25.6,1015.5,22.9,85.0,25.9,0.62,9.5,99
10,4.8896947638,243,9.34474999303,25.6,1016.4,22.6,83.0,25.9,1.41,7.1,99
10,2.49917732372,303,6.84557266931,25.6,1016.95,22.7,83.5,26.05,9.28,8.35,85.5
10,5.65031394927,297,7.38887208751,25.6,1017.5,22.8,84.0,26.21,17.15,9.6,72.0
10,7.93217150571,306,11.4092877822,25.55,1018.05,22.3,82.0,26.04,9.54,7.85,108.0
10,9.99670929487,303,14.2344447568,25.5,1018.6,21.8,80.0,25.87,1.92,6.1,144
10,10.2140290622,285,13.6911453386,25.1,1016.3,20.5,76.0,25.68,6.94,6.1,156.0
10,10.3226889458,282,13.1478459204,25.3,998.9,20.9,76.0,15.11,10.55,11.1,336.0
10,8.14949127299,267,9.88804941123,25.7,1016.4,21.5,78.0,25.92,1.76,6.7,120
10,10.3226889458,297,14.8864040587,25.5,1019.1,21.7,79.0,25.635,9.92,12.6,282.0
10,39.226217994,36,41.8340552014,25.4,1018.2,21.4,78.0,25.72,5.96,9.85,196.5
10,7.82351162207,267,9.67072964395,25.3,1017.3,21.1,77.0,25.8,2.0,7.1,111
10,7.49753197115,270,8.91011045847,25.2,1017.9,21.1,78.0,25.79,1.86,6.9,108
10,7.82351162207,267,9.23609010939,25.8,1020.0,21.4,93.0,20.69,3.38,19.2,234
10,7.93217150571,249,9.45340987667,25.85,1018.8,21.4,84.5,23.35,2.51,13.6,166.5
10,6.51959301839,243,8.25815115663,25.9,1017.6,21.4,76.0,26.01,1.64,8.0,99
10,5.75897383291,228,7.38887208751,25.6,1018.3,22.0,80.5,25.95,1.6,7.85,102.0
10,4.12907557832,231,6.95423255295,25.3,1019.0,22.6,85.0,25.9,1.56,7.7,105
10,5.65031394927,222,7.38887208751,25.7,1019.25,22.0,80.0,25.86,7.06,9.6,169.5
10,6.73691278567,213,8.47547092391,26.1,1019.5,21.4,75.0,25.82,12.55,11.5,234.0
10,7.28021220387,222,9.01877034211,26.15,1018.6,21.5,75.5,25.99,7.1,10.1,165.0
10,4.23773546196,216,6.08495348383,26.2,1017.7,21.6,76.0,26.16,1.65,8.7,96
10,4.67237499652,63,21.0800174261,26.4,1017.3,21.8,76.0,26.21,1.63,7.7,90
10,4.45505522924,213,7.28021220387,25.9,1120.4,24.5,79.0,20.88,6.34,3.2,159
10,4.12907557832,183,6.84557266931,24.35,1068.9,23.0,85.5,23.39,3.92,5.75,127.5
10,5.97629360019,210,8.47547092391,22.8,1017.4,21.5,92.0,25.91,1.5,8.3,96
10,4.8896947638,231,7.82351162207,24.5,1020.3,22.4,88.0,25.92,1.5,8.3,96
10,7.20638222207,72,8.55757888871,25.35,1018.25,21.45,79.5,26.07,1.53,8.5,94.5
10,5.32433429836,240,7.49753197115,26.2,1016.2,20.5,71.0,26.22,1.56,8.7,93
10,5.65031394927,255,7.38887208751,26.15,1015.45,20.35,70.5,26.29,1.53,8.7,91.5
10,5.432994182,279,7.06289243659,26.12,1015.08,20.27,70.25,26.32,1.52,8.7,90.75
10,6.41093313475,264,8.14949127299,26.11,1014.89,20.23,70.12,26.34,1.51,8.7,90.38
10,5.54165406564,255,7.60619185479,26.11,1014.8,20.21,70.06,26.35,1.5,8.7,90.19
10,5.97629360019,252,7.71485173843,26.1,1014.7,20.2,70.0,26.36,1.5,8.7,90
10,35.1311133326,78,37.383107777,25.8,1015.4,20.15,71.0,26.2,1.54,8.7,90.0
10,5.54165406564,234,7.93217150571,25.5,1016.1,20.1,72.0,26.03,1.58,8.7,90
10,6.19361336747,234,7.93217150571,25.4,1014.8,19.7,71.0,25.97,1.69,9.1,87
10,5.10701453108,234,6.51959301839,25.5,1015.15,20.3,73.0,26.01,1.72,9.3,88.5
10,5.432994182,246,7.71485173843,25.55,1015.33,20.6,74.0,26.03,1.73,9.4,89.25
10,6.19361336747,216,8.04083138935,25.6,1015.5,20.9,75.0,26.05,1.75,9.5,90
10,4.8896947638,219,6.95423255295,25.6,1014.7,20.8,75.0,26.05,1.72,8.7,87
10,7.38887208751,219,9.01877034211,25.9,1016.7,21.6,77.0,26.06,1.67,4.5,54
10,5.10701453108,195,6.73691278567,26.0,1015.55,21.2,75.0,26.13,1.68,6.8,69.0
10,5.32433429836,195,6.95423255295,26.1,1014.4,20.8,73.0,26.21,1.69,9.1,84
10,5.65031394927,195,8.04083138935,26.0,1014.7,21.1,74.0,26.19,1.49,8.7,78
10,5.86763371655,198,7.49753197115,25.9,1014.65,21.2,75.0,26.12,1.56,8.9,79.5
10,7.17155232023,201,8.91011045847,25.8,1014.6,21.3,76.0,26.06,1.63,9.1,81
10,5.21567441472,201,6.95423255295,25.7,1013.8,21.2,76.0,26.08,2.11,13.5,12
10,5.54165406564,216,7.60619185479,25.6,1014.2,21.7,79.0,26.07,1.43,8.0,75
10,5.75897383291,216,7.38887208751,26.1,1012.2,21.8,77.0,26.08,1.47,9.1,78
10,5.86763371655,207,7.60619185479,26.3,1013.3,21.6,75.0,26.37,1.58,9.1,84
10,7.60619185479,222,9.01877034211,26.0,1012.3,21.9,78.0,26.2,18.97,10.4,255.0
10,7.82351162207,345.0,22.6012557971,25.8,1014.3,21.8,79.0,26.13,1.51,9.5,78
10,43.4,249.0,6.7,26.05,1014.25,21.5,76.0,26.09,1.42,9.75,76.5
10,5.97629360019,204,8.04083138935,26.3,1014.2,21.2,73.0,26.06,1.32,10.0,75
10,6.30227325111,174,7.60619185479,26.4,1011.3,20.8,71.0,26.27,1.53,8.7,75
10,7.71485173843,183,9.12743022575,26.4,1011.1,21.6,75.0,26.24,1.51,7.4,66
10,8.25815115663,189,10.2140290622,26.1,1011.85,21.15,74.0,26.14,1.54,6.95,67.5
10,7.17155232023,207,8.36681104027,25.8,1012.6,20.7,73.0,26.04,1.58,6.5,69
10,7.17155232023,207,8.36681104027,25.9,1076.45,23.35,76.5,25.95,1.52,6.3,67.5
10,7.71485173843,171,9.45340987667,26.0,1140.3,26.0,80.0,25.87,1.47,6.1,66
10,7.49753197115,198,9.01877034211,26.2,1012.6,22.4,79.0,28.915,5.92,7.1,123
10,5.86763371655,183,7.93217150571,25.9,1013.4,21.8,78.0,20.99,1.67,7.7,72
10,7.28021220387,189,8.80145057483,26.0,1013.3,21.9,78.0,26.14,1.5,5.4,66
10,2.93381685828,180,6.08495348383,26.25,1014.45,22.15,78.0,26.31,1.59,8.2,142.5
10,4.23773546196,192,7.17155232023,26.5,1015.6,22.4,78.0,26.48,1.68,11.0,219
10,5.75897383291,213,7.93217150571,25.9,1014.7,22.9,84.0,26.53,1.53,8.0,75
10,2.82515697464,231,6.08495348383,25.9,1015.4,22.3,80.0,26.37,1.69,7.4,75
10,6.41093313475,180,8.69279069119,25.3,1016.5,21.5,79.0,26.31,1.53,8.0,66
10,5.86763371655,171,8.80145057483,25.5,1016.25,21.75,79.5,26.25,1.5,7.85,72.0
10,5.54165406564,156,8.69279069119,25.7,1016.0,22.0,80.0,26.19,1.48,7.7,78
10,5.432994182,171,8.25815115663,26.15,1017.1,21.75,77.0,26.21,1.52,7.3,73.5
10,6.30227325111,237,8.36681104027,26.6,1018.2,21.5,74.0,26.23,1.57,6.9,69
10,4.67237499652,258,6.19361336747,25.8,1016.1,21.7,75.0,26.79,1.37,10.5,81
10,1.52123837096,195,4.02041569468,25.95,1016.7,21.4,74.5,26.63,1.33,9.25,78.0
10,34.2278633466,294,51.3961249617,26.1,1017.3,21.1,74.0,26.47,1.3,8.0,75
10,2.93381685828,234,6.19361336747,25.8,1015.0,21.3,76.0,26.46,1.4,8.3,78
10,3.69443604376,228,5.65031394927,25.7,1014.9,20.7,74.0,26.4,1.32,8.7,90
10,2.06453778916,231,4.56371511288,26.4,1017.1,25.5,71.0,26.4,1.31,7.1,78
10,0.869279069119,225,2.49917732372,26.15,1015.5,22.9,71.0,26.41,1.36,7.55,81.0
10,0.651959301839,183,3.15113662556,26.02,1014.7,21.6,71.0,26.42,1.39,7.78,82.5
10,1.19525872004,180,4.02041569468,25.96,1014.3,20.95,71.0,26.43,1.4,7.89,83.25
10,1.84721802188,201,4.23773546196,25.9,1013.9,20.3,71.0,26.43,1.42,8.0,84
10,1.6298982546,207,5.432994182,26.15,1014.8,20.9,72.5,26.41,1.35,8.15,81.0
10,1.6298982546,207,5.432994182,26.4,1015.7,21.5,74.0,26.4,1.29,8.3,78
10,1.19525872004,174,5.97629360019,26.7,1012.4,21.4,72.0,26.84,1.38,8.0,84
10,0.5432994182,159,3.04247674192,26.6,1012.8,-4.4,73.0,26.73,1.48,8.3,93
10,0.651959301839,210,2.49917732372,26.3,1015.2,21.3,74.0,26.6,1.43,8.7,81
10,1.30391860368,228,3.91175581104,26.35,1015.35,21.05,72.5,26.62,1.4,8.2,84.0
10,2.06453778916,216,4.78103488016,26.38,1015.42,20.93,71.75,26.63,1.38,7.95,85.5
10,1.52123837096,207,4.99835464744,26.4,1015.5,20.8,71.0,26.64,1.36,7.7,87
10,27.8169302118,3,52.5913836817,9.8,1119.3,32.4,76.0,4.415,0.65,11.2,291
10,1.0865988364,189,3.58577616012,26.5,1011.7,21.4,73.0,26.78,1.33,8.0,90
10,1.41257848732,204,3.8030959274,26.5,1011.7,21.4,73.0,26.78,1.33,8.0,90
10,6.30558444431,36,7.43158166651,26.35,1012.2,21.3,73.5,26.76,1.3,8.35,88.5
10,2.49917732372,213,5.432994182,26.2,1012.7,21.2,74.0,26.73,1.27,8.7,87
10,2.82515697464,168,32.9239447429,40.3,1011.6,19.3,96.0,26.57,1.26,7.1,93
10,0.760619185479,192,4.67237499652,25.8,1013.1,19.4,68.0,26.54,1.26,8.3,93
10,2.716497091,201,5.75897383291,26.3,1014.2,20.1,68.0,26.57,1.41,6.7,99
10,2.82515697464,201,5.32433429836,26.3,1014.4,20.2,69.0,26.59,2.13,7.4,102
10,4.12907557832,186,9.01877034211,26.3,1011.5,20.9,72.0,26.71,1.42,8.3,81
10,6.30227325111,189,9.88804941123,26.3,1062.5,21.3,73.5,26.66,4.71,5.35,210.0
10,6.95423255295,183,12.061247084,26.3,1113.5,21.7,75.0,26.6,8.01,2.4,339.0
10,6.73691278567,180,10.2140290622,26.1,1011.1,21.1,74.0,26.54,1.69,5.1,63
10,7.93217150571,177,11.6266075495,26.1,1011.0,21.15,74.0,26.49,1.64,6.55,60.0
10,7.17155232023,174,11.7352674331,26.1,1010.9,21.2,74.0,26.44,1.58,8.0,57
10,9.67072964395,189,13.4738255713,26.5,1011.3,21.3,73.0,26.44,1.59,6.1,57
10,9.99670929487,180,14.3431046405,26.6,1014.3,21.2,72.0,26.465,16.83,24.4,141.0
10,7.60619185479,180,11.3006278985,27.0,1011.9,22.0,74.0,26.57,1.84,6.7,48
10,9.23609010939,192,13.1478459204,26.6,1095.6,22.2,77.0,11.235,3.06,15.0,138
10,2.93381685828,189,6.84557266931,26.45,1055.55,21.85,76.0,18.87,2.45,10.95,93.0
10,2.93381685828,189,6.84557266931,26.3,1015.5,21.5,75.0,26.5,1.83,6.9,48
10,44.9,360.0,44.8,2.0,1112.8,38.1,120.0,18.22,12.17,9.4,21.0
10,0.5432994182,285,4.8896947638,26.6,1016.6,22.8,80.0,26.84,1.48,7.4,57
10,0.977938952759,303,4.56371511288,26.45,1017.35,22.15,77.0,26.55,1.52,7.55,87.0
10,1.6298982546,300,5.75897383291,26.3,1018.1,21.5,74.0,26.25,1.56,7.7,117
10,2.1731976728,303,4.23773546196,26.5,1018.7,21.6,74.0,26.3,1.68,7.1,138
10,5.10701453108,306,9.34474999303,25.7,1017.0,21.8,79.0,26.32,1.79,7.4,138
10,7.17155232023,294,11.6266075495,25.4,1016.7,21.6,79.0,26.38,1.85,7.1,138
10,3.04247674192,291,6.95423255295,25.55,1016.0,21.65,78.5,26.29,1.79,7.1,138.0
10,4.12907557832,294,7.60619185479,25.7,1015.3,21.7,78.0,26.19,1.72,7.1,138
10,3.58577616012,291,7.06289243659,26.0,1016.3,21.8,78.0,26.11,1.83,7.4,135
10,5.86763371655,285,9.45340987667,25.35,1016.15,21.95,81.5,26.21,1.92,7.4,135.0
10,8.69279069119,276,13.3651656877,24.7,1016.0,22.1,85.0,26.32,2.0,7.4,135
10,4.23773546196,285,6.84557266931,24.1,1016.5,21.2,84.0,26.38,2.01,7.1,129
11,2.82515697464,234,6.73691278567,26.5,1015.6,22.7,80.0,26.42,1.78,7.4,111
11,1.95587790552,177,4.67237499652,-2.4,820.3,30.3,121.0,32.6,2.18,10.8,207
11,3.04247674192,216,6.41093313475,26.1,1016.2,21.6,76.0,26.35,1.72,7.4,105
11,4.02041569468,216,6.62825290203,26.7,1017.6,21.5,73.0,26.37,1.58,10.5,114
11,3.15113662556,213,5.97629360019,26.8,1017.1,21.8,74.0,26.61,1.66,7.1,108
11,0.10865988364,225,1.41257848732,26.9,1016.6,21.8,74.0,26.64,1.76,7.7,99
11,1.52123837096,222,6.41093313475,26.4,1017.4,21.9,76.0,26.39,2.27,5.6,168.0
11,0.0,264.0,0.21731976728,25.4,1017.6,22.2,82.0,26.64,1.72,7.1,108
11,1.19525872004,267,4.8896947638,26.7,1017.2,22.2,76.0,26.43,1.83,7.7,99
11,2.716497091,255,6.41093313475,26.0,1018.6,21.9,78.0,26.28,1.8,7.4,99
11,2.1731976728,258,4.78103488016,32.7,1019.4,25.05,93.0,26.41,1.88,7.7,100.5
11,5.9,291.0,5.7,39.4,1020.2,28.2,108.0,26.53,1.95,8.0,102
11,3.36845639284,279,7.38887208751,26.2,1018.7,21.7,76.0,26.31,1.85,8.0,96
11,3.36845639284,270,6.08495348383,26.2,1019.7,21.7,76.0,26.25,1.69,7.7,96
11,3.04247674192,234,6.41093313475,25.05,1019.2,21.55,81.0,26.33,1.75,8.0,99.0
11,1.0865988364,252,4.99835464744,23.9,1018.7,21.4,86.0,26.41,1.8,8.3,102
11,0.10865988364,261,1.19525872004,25.4,1019.8,20.7,75.0,26.21,1.94,8.0,93
11,0.0,0.0,0.0,25.6,1018.0,21.0,76.0,26.99,1.92,8.0,93
11,1.19525872004,288,4.8896947638,26.2,1019.5,21.2,74.0,26.78,17.63,9.2,213.0
11,2.06453778916,264,6.19361336747,25.6,1017.4,21.2,76.0,26.58,1.87,7.7,99
11,1.73855813824,264,6.19361336747,25.8,1017.7,20.8,73.0,26.58,1.83,8.7,96
11,1.19525872004,264,6.19361336747,26.4,1018.7,21.0,72.0,26.59,1.69,8.0,99
11,1.41257848732,219,7.06289243659,26.55,1017.55,21.3,72.5,26.8,1.76,8.35,99.0
11,4.67237499652,159,7.82351162207,26.7,1016.4,21.6,73.0,27.0,1.83,8.7,99
11,1.19525872004,240,7.17155232023,25.0,1016.2,21.5,81.0,26.79,1.96,8.5,100.5
11,0.977938952759,249,5.65031394927,24.15,1016.1,21.45,85.0,26.68,2.02,8.4,101.25
11,2.82515697464,258,4.02041569468,23.3,1016.0,21.4,89.0,26.57,2.09,8.3,102
11,0.760619185479,219,5.10701453108,24.6,1015.35,21.4,82.5,26.5,2.01,8.7,94.5
11,2.06453778916,261,3.69443604376,25.25,1015.03,21.4,79.25,26.46,1.97,8.9,90.75
11,4.78103488016,57,9.99670929487,25.9,1014.7,21.4,76.0,26.43,1.93,9.1,87
11,2.06453778916,246,5.54165406564,15.9,845.4,-5.6,40.0,28.705,20.08,7.2,213.0
11,0.32597965092,189,2.82515697464,20.55,930.0,8.15,60.5,27.71,10.95,8.15,145.5
11,1.30391860368,180,3.8030959274,22.88,972.3,15.02,70.75,27.21,6.38,8.62,111.75
11,0.0,84,9.88804941123,24.04,993.45,18.46,75.88,26.96,4.1,8.86,94.88
11,0.651959301839,168,4.02041569468,24.62,1004.03,20.18,78.44,26.84,2.96,8.98,86.44
11,0.10865988364,174,0.760619185479,25.2,1014.6,21.9,81.0,26.71,1.82,9.1,78
11,0.10865988364,207,1.84721802188,26.3,1015.2,21.6,75.0,26.63,1.84,9.1,84
11,0.10865988364,195,0.977938952759,26.65,1014.75,21.7,74.0,26.81,1.73,8.25,81.0
11,0.10865988364,186,1.19525872004,27.0,1014.3,21.8,73.0,26.99,1.63,7.4,78
11,0.10865988364,210,1.41257848732,26.2,1015.4,21.5,75.0,26.66,1.71,8.3,75
11,0.10865988364,219,1.0865988364,26.2,1014.9,21.7,76.0,26.73,1.86,8.7,75
11,0.32597965092,207,1.6298982546,26.2,1014.9,22.0,78.0,26.69,1.74,8.3,75
11,0.5432994182,192,2.1731976728,26.8,1016.7,21.5,72.0,26.71,1.82,7.4,69
11,0.21731976728,180,3.04247674192,26.3,1014.7,22.4,79.0,26.95,1.87,9.5,78
11,0.10865988364,174,1.0865988364,26.4,1014.45,22.3,78.0,26.95,1.83,9.1,81.0
11,1.73855813824,96,5.32433429836,26.5,1014.2,22.2,77.0,26.96,1.79,8.7,84
11,0.760619185479,201,4.12907557832,26.1,1014.5,22.7,82.0,26.89,1.79,8.7,78
11,0.760619185479,195,3.15113662556,26.2,1012.7,22.9,82.0,26.69,1.64,9.1,69
11,0.32597965092,192,1.41257848732,26.0,1010.9,21.4,75.0,26.93,10.51,8.7,72.0
11,0.10865988364,36,1.0865988364,25.3,1011.1,22.6,85.0,26.98,17.24,2.7,75.0
11,0.21731976728,189,0.869279069119,26.0,1011.0,22.6,81.0,26.91,1.8,10.6,93.0
11,1.0865988364,195,4.12907557832,26.1,1011.15,22.8,81.5,26.8,1.73,9.45,79.5
11,1.73855813824,207,5.21567441472,26.2,1011.3,23.0,82.0,26.69,1.65,8.3,66
11,0.760619185479,201,2.93381685828,26.5,1012.2,22.0,78.0,16.55,6.65,13.3,46.5
11,0.760619185479,201,2.93381685828,26.8,1013.1,21.0,74.0,6.41,11.64,18.3,27
11,0.43463953456,192,4.56371511288,26.7,1011.7,22.6,78.0,26.97,1.55,6.9,93.0
11,0.651959301839,156,4.78103488016,26.0,1010.9,23.5,86.0,26.87,1.4,8.0,63
11,0.32597965092,210,1.41257848732,26.3,1010.6,22.6,80.0,26.85,1.44,8.0,66
11,0.21731976728,219,1.41257848732,26.7,1010.5,22.9,79.0,26.97,1.47,7.7,66
11,0.43463953456,213,2.06453778916,26.7,1010.5,22.9,79.0,26.97,1.47,7.7,66
11,1.84721802188,213,4.56371511288,26.3,1010.2,22.6,80.0,26.83,1.7,4.9,318
11,0.760619185479,159,3.47711627648,24.8,1009.3,23.1,122.0,26.77,1.95,6.7,57
11,0.869279069119,240,4.12907557832,23.8,1008.8,22.7,93.0,26.73,1.79,7.7,63
11,9.67072964395,201,14.6690842914,25.4,1009.2,22.7,85.0,26.7,2.17,7.7,33.0
11,2.49917732372,180,9.12743022575,27.0,1009.6,22.7,77.0,26.66,2.54,7.7,3
11,0.43463953456,171,1.6298982546,26.9,1009.3,23.9,83.0,26.73,2.32,7.1,51
11,0.977938952759,180,2.49917732372,27.1,1007.1,23.4,80.0,26.76,2.42,8.0,54
11,0.760619185479,174,29.881468001,26.9,1014.1,23.6,82.0,26.74,2.27,8.8,51
11,0.43463953456,186,1.84721802188,26.9,1008.9,24.2,85.0,26.67,2.56,8.3,57
11,0.0,183,1.0865988364,26.9,1035.2,25.1,87.0,25.6,0.0,0.0,0.0
11,0.21731976728,189,1.30391860368,26.8,1011.3,24.6,87.0,26.58,2.4,8.7,69
11,0.21731976728,186,1.0865988364,26.7,1009.5,24.4,87.0,26.46,2.54,8.7,63
11,0.32597965092,177,1.41257848732,26.6,1151.0,11.0,87.0,35.105,6.35,17.7,303
11,0.0,195.0,0.32597965092,26.9,1011.2,24.4,86.0,26.43,2.33,8.7,66
11,0.0,213.0,0.10865988364,26.85,1009.1,24.35,86.0,26.41,2.11,8.7,60.0
11,0.0,207.0,0.10865988364,26.83,1008.05,24.33,86.0,26.39,2.0,8.7,57.0
11,0.0,189.0,0.43463953456,26.81,1007.52,24.31,86.0,26.38,1.94,8.7,55.5
11,0.0,186.0,0.10865988364,26.8,1007.0,24.3,86.0,26.38,1.89,8.7,54
11,0.0,201.0,0.21731976728,26.7,1008.6,24.3,86.0,26.35,17.94,5.6,144.0
11,0.5432994182,168,2.1731976728,23.5,1007.3,23.5,86.0,40.46,14.55,15.6,306
11,0.10865988364,153,1.41257848732,10.65,1007.6,11.05,86.0,33.39,14.02,11.95,198.0
11,0.5432994182,36,7.49753197115,-2.2,1007.9,-1.4,86.0,26.33,13.49,8.3,90
11,0.5432994182,354.0,1.30391860368,23.6,1010.7,22.3,92.0,26.08,2.89,7.1,180
11,0.32597965092,333,0.760619185479,23.6,1009.9,22.1,92.0,26.16,2.89,7.1,180
11,0.32597965092,159,0.760619185479,17.2,1010.2,17.2,88.0,25.96,2.55,8.0,171
11,0.0,189.0,0.10865988364,25.0,1015.5,20.3,75.0,25.92,6.75,23.9,366.0
11,0.0,339.0,0.32597965092,24.5,1013.8,20.7,79.0,25.87,1.78,7.7,135
11,0.0,339.0,0.21731976728,24.8,1014.85,20.5,77.0,25.87,1.74,10.05,210.0
11,0.0,333.0,0.21731976728,25.1,1015.9,20.3,75.0,25.87,1.7,12.4,285
11,0.0,294,0.5432994182,24.5,1014.35,21.7,85.0,25.94,1.55,12.45,202.5
11,0.0,177,14.2344447568,23.9,1012.8,23.1,95.0,26.0,1.41,12.5,120
11,0.0,294.0,0.0,25.0,1012.35,23.15,89.5,25.96,1.28,12.15,114.0
11,0.0,195.0,0.10865988364,26.1,1011.9,23.2,84.0,25.93,1.15,11.8,108
11,0.10865988364,156,3.04247674192,26.9,1010.9,23.2,80.0,26.33,1.09,4.3,75
11,7.09378249985,6,8.33237944427,26.3,1012.5,23.0,82.0,26.1,1.04,11.8,57
11,6.75598333319,345.0,8.21977972205,25.9,1011.4,22.5,81.0,26.0,1.13,4.7,66
11,6.30558444431,354.0,7.43158166651,26.3,1012.55,22.95,81.5,26.18,1.09,6.7,66.0
11,5.0669874999,3,6.08038499987,26.7,1013.7,23.4,82.0,26.35,1.05,8.7,66
11,0.0,189.0,0.3,27.0,1012.9,23.5,81.0,26.42,0.94,11.2,270
11,5.40478666656,30,6.30558444431,26.5,1013.25,23.65,84.0,26.26,0.93,10.15,165.0
11,0.0,228.0,0.0,26.0,1013.6,23.8,87.0,26.1,0.91,9.1,60
11,0.0,264,0.8,25.9,1013.3,23.5,86.0,26.08,0.88,5.0,63
11,3.15279222216,30,3.82839055548,26.7,1015.9,23.5,82.0,26.12,0.86,10.5,69
11,1.57639611108,39,2.2519944444,26.7,1014.7,22.6,78.0,27.81,10.54,13.4,117
11,1.91419527774,96,2.70239333328,26.7,1015.5,23.0,80.0,26.99,0.95,9.1,111
11,2.70239333328,57,3.26539194438,26.7,1015.7,22.8,79.0,26.82,0.93,9.65,114.0
11,0.0,0.0,0.0,26.7,1015.9,22.6,78.0,26.66,0.9,10.2,117
11,0.0,0.0,0.0,27.0,1014.6,22.6,77.0,27.87,1.02,10.5,132
11,0.0,0.0,0.0,27.3,1013.7,22.4,75.0,27.63,1.01,10.5,129
11,0.788198055539,228,1.35119666664,26.7,1014.5,23.05,81.0,27.49,1.03,9.1,136.5
11,1.35119666664,84,2.13939472218,26.4,1014.9,23.38,84.0,27.42,1.04,8.4,140.25
11,6.08038499987,207,6.41818416653,26.1,1015.3,23.7,87.0,27.35,1.05,7.7,144
11,0.21731976728,33,2.93381685828,25.0,1013.0,23.0,88.0,27.44,1.14,11.8,156
11,6.75598333319,165,7.88198055539,24.6,1013.2,23.2,92.0,27.19,1.12,12.5,156
11,2.58979361106,63,3.15279222216,27.1,1014.7,23.3,79.0,26.73,1.39,15.4,144
11,3.71579083326,30,4.5039888888,26.7,1013.1,22.5,78.0,26.96,0.35,16.9,138
11,3.26539194438,39,4.27878944436,26.5,1012.4,22.5,79.0,26.84,1.49,14.3,129
11,4.39138916658,24,5.51738638878,27.6,1010.5,23.3,77.0,27.46,1.31,12.5,132
11,0.0,210.0,0.4,27.55,1011.5,23.1,76.5,27.37,1.25,10.1,123.0
11,0.0,192.0,0.0,27.5,1012.5,22.9,76.0,27.27,1.2,7.7,114
11,5.0669874999,351.0,5.96778527765,27.9,1012.0,23.3,76.0,27.85,1.14,7.4,108
11,0.0,0.0,0.0,27.5,1013.1,23.3,78.0,27.03,1.07,8.0,108
12,2.02679499996,123,2.92759277772,23.6,1013.5,23.5,82.0,22.37,0.91,7.4,96
12,0.0,0.0,0.0,26.7,1014.8,23.6,83.0,27.5,0.9,7.7,102
12,1.35119666664,171,1.91419527774,26.3,1014.5,23.3,84.0,27.72,1.36,6.5,186
12,3.9409902777,147,4.95438777768,25.5,1014.7,23.6,89.0,27.5,1.53,6.1,234
12,0.10865988364,15.0,0.21731976728,25.7,1014.3,23.6,89.0,27.2,4.13,6.9,309.0
12,0.0,0.0,0.0,25.65,1014.05,23.7,89.0,27.55,2.7,7.45,241.5
12,0.0,0.0,0.0,25.6,1013.8,23.8,89.0,27.89,1.27,8.0,174
12,1.6,234.0,0.2,23.0,994.8,-3.4,123.0,14.75,6.24,14.4,276.0
12,0.0,198.0,0.0,26.3,1012.3,23.7,85.0,27.05,1.17,7.7,129
12,0.0,183.0,0.0,27.1,1013.9,17.3,81.0,27.57,14.72,16.2,366.0
12,0.0,192.0,0.0,27.7,1011.2,22.9,75.0,27.54,1.26,7.4,114
12,0.0,210.0,0.0,27.9,1164.9,7.0,70.0,1.84,18.16,2.6,270.0
12,0.0,210.0,0.43463953456,27.0,1017.3,18.3,79.0,27.05,1.46,2.4,66
12,0.21731976728,189,0.651959301839,27.6,1011.6,23.1,76.0,27.04,1.58,5.9,51
12,0.32597965092,165,0.977938952759,27.7,1010.3,-2.2,77.0,27.05,1.54,5.9,45
12,8.78277833315,18,11.8229708331,27.35,1010.35,10.8,80.0,26.98,1.68,6.3,45.0
12,10.6969736109,15,12.4985691664,27.18,1010.38,17.3,81.5,26.95,1.75,6.5,45.0
12,0.0,189.0,0.2,27.0,1010.4,23.8,83.0,26.92,1.82,6.7,45
12,0.0,186.0,0.3,27.5,1011.5,23.7,79.0,26.91,1.79,6.9,39
12,0.0,174.0,0.2,27.7,1009.5,24.5,83.0,27.13,1.73,7.1,36
12,0.0,192.0,0.1,27.3,1011.1,24.6,85.0,27.01,1.67,6.9,36
12,0.0,168.0,0.1,27.2,1014.0,24.6,85.0,26.95,1.7,6.9,39
12,5.85518555544,318,7.09378249985,27.3,1011.85,24.5,84.0,27.04,2.5,7.0,51.0
12,0.0,183.0,0.2,27.4,1009.7,24.4,83.0,27.12,3.29,7.1,63.0
12,0.0,180.0,0.1,27.2,1010.8,24.5,85.0,27.08,1.64,7.7,39
12,0.0,180.0,0.2,27.1,1009.9,24.5,85.0,27.07,1.55,6.9,39
12,0.0,177.0,0.1,27.5,1011.7,24.7,85.0,27.09,4.1,5.5,66.0
12,0.0,177.0,0.0,27.9,1013.0,24.7,83.0,27.26,1.49,7.1,42
12,8.67017861093,6,10.0213752776,27.45,1011.85,24.4,83.5,27.19,1.42,6.9,45.0
12,0.0,195.0,0.1,27.0,1010.7,24.1,84.0,27.11,1.34,6.7,48
12,0.0,192.0,0.2,27.7,1010.5,23.9,80.0,27.48,1.34,7.4,42
12,8.33237944427,6,9.57097638869,27.5,1010.55,23.7,79.5,27.44,1.33,7.55,42.0
12,0.0,195.0,0.2,27.3,1010.6,23.5,79.0,27.4,1.32,7.7,42
12,0.0,195.0,0.2,27.3,1010.6,23.5,79.0,27.4,1.96,7.7,42
12,6.4,93.0,0.2,27.3,1024.4,24.0,86.0,29.92,6.48,7.6,66.0
12,0.0,195.0,0.1,27.2,1012.6,23.8,81.0,27.33,1.46,6.5,36
12,0.0,198.0,0.1,26.8,1012.3,23.0,79.0,27.25,1.21,6.7,42
12,0.0,198.0,0.1,26.8,1012.3,23.0,79.0,27.25,1.21,6.7,42
12,0.0,183.0,0.1,27.7,1010.6,22.7,74.0,27.49,1.42,6.1,39
12,0.0,204.0,0.0,26.9,1011.0,22.6,77.0,27.27,1.4,5.9,45
12,7.43158166651,9,9.12057749981,26.9,1011.9,22.5,77.0,27.23,1.4,5.6,48
12,7.99458027761,12,9.68357611091,27.25,1011.45,22.55,75.5,27.34,1.34,5.75,49.5
12,0.0,192.0,0.1,27.6,1011.0,22.6,74.0,27.46,1.29,5.9,51
12,0.0,198.0,0.0,27.0,1011.6,23.1,79.0,27.31,1.33,5.9,51
12,0.0,207.0,0.1,26.9,1011.1,22.8,78.0,27.25,1.48,5.7,48
12,0.0,198.0,0.1,26.8,1011.1,10.4,76.0,27.2,1.34,5.7,51
12,0.0,198.0,0.0,26.8,1011.5,22.3,76.0,27.19,1.34,6.5,51
12,0.10865988364,180.0,0.43463953456,27.15,1010.65,22.45,75.0,27.32,1.31,5.45,45.0
12,10.0213752776,6,11.8229708331,27.5,1009.8,22.6,74.0,27.45,1.28,4.4,39
12,0.0,189.0,0.2,27.0,1008.3,23.7,82.0,27.09,1.48,6.7,36
12,0.0,174.0,0.2,27.6,1009.4,24.4,83.0,27.34,1.56,6.3,33
12,0.0,183.0,0.1,27.4,1008.6,24.7,85.0,27.32,1.53,6.3,342.0
12,0.0,180.0,0.1,27.5,1008.1,24.0,81.0,27.34,1.69,6.2,27
12,9.34577694425,9,10.9221730553,27.45,1009.5,24.15,82.0,27.28,6.67,13.7,97.5
12,0.0,195.0,0.2,27.4,1010.9,24.3,83.0,27.22,11.65,21.2,168.0
12,0.0,195.0,0.1,27.1,1009.6,23.8,82.0,27.15,1.75,6.9,36
12,10.3591744442,18,12.273369722,27.05,1009.7,23.65,49.5,27.3,1.66,6.7,36.0
12,0.0,195.0,0.1,27.0,1009.8,23.5,17.0,27.45,1.56,6.5,36
12,10.0213752776,12,12.273369722,27.9,1010.3,22.9,74.0,27.4,1.93,6.9,39
12,10.246574722,12,11.7103711109,27.9,1010.3,22.9,74.0,27.42,1.93,6.9,36
12,0.0,186.0,0.2,27.5,1010.3,23.0,76.0,27.39,1.93,7.1,36
12,0.0,189.0,0.1,27.3,1012.9,22.4,75.0,20.035,18.57,18.9,333.0
12,0.0,216.0,0.1,27.2,1012.9,22.1,74.0,27.19,1.87,7.4,45
12,0.0,201.0,0.1,27.5,1013.6,22.7,75.0,27.04,1.63,7.1,45
12,0.0,198.0,0.2,27.4,1014.1,22.8,76.0,27.05,1.4,7.4,42
12,7.43158166651,33,9.00797777759,27.5,1012.85,23.45,78.5,33.96,1.35,7.25,43.5
12,0.0,231.0,0.3,27.6,1011.6,24.1,81.0,40.875,1.31,7.1,45
12,0.0,213.0,0.0,27.3,1014.2,23.4,79.0,27.23,1.28,0.4,51.0
12,0.0,237.0,0.1,27.1,1012.9,23.5,81.0,27.16,1.15,6.7,54
12,6.41818416653,42,7.65678111095,27.3,1014.0,23.65,80.5,27.16,1.14,6.7,55.5
12,6.41818416653,45,7.65678111095,27.4,1014.55,23.73,80.25,27.16,1.13,6.7,56.25
12,0.0,240.0,0.1,27.5,1015.1,23.8,80.0,27.16,1.12,6.7,57
12,0.0,240.0,0.1,27.5,1015.1,23.8,80.0,27.16,1.12,6.7,57
12,0.0,294.0,0.2,26.9,1017.7,23.1,79.0,27.27,1.25,7.4,84
12,0.0,0.0,0.0,26.7,1015.0,21.4,72.0,27.32,1.48,7.7,105
12,0.0,0.0,0.0,26.7,1015.0,21.4,72.0,27.32,1.48,19.5,75
12,5.40478666656,111,6.86858305541,26.45,1015.1,21.85,75.5,27.38,1.58,13.75,85.5
12,0.10865988364,255,1.19525872004,26.2,1015.2,22.3,79.0,27.44,1.69,8.0,96
12,0.21731976728,261,1.84721802188,27.5,1014.0,22.4,74.0,27.49,1.61,6.1,93
12,0.10865988364,258,1.30391860368,26.8,1015.2,22.3,76.0,27.4,1.52,8.7,93
12,0.21731976728,249,2.06453778916,27.0,1015.5,22.8,78.0,27.36,1.5,8.3,93
12,0.0,285.0,0.21731976728,26.85,1014.5,22.55,77.0,27.31,1.67,8.15,99.0
12,0.10865988364,270,0.760619185479,26.7,1013.5,22.3,76.0,27.27,1.84,8.0,105
12,0.0,270.0,0.10865988364,27.2,1013.8,21.8,72.0,27.43,1.73,7.4,108
12,0.0,276.0,0.21731976728,27.2,1013.1,21.8,72.0,27.4,1.92,7.7,108
12,0.0,279.0,0.21731976728,26.7,1014.1,22.1,76.0,27.26,1.56,8.0,108
12,0.0,0.0,0.0,26.5,1015.4,22.2,77.0,27.19,19.49,5.2,66.0
12,0.0,270.0,0.32597965092,26.7,1014.3,22.4,77.0,27.23,1.63,8.7,111
12,0.0,252,0.651959301839,26.8,1013.5,22.7,78.0,27.2,1.64,8.7,120
12,0.10865988364,273.0,0.869279069119,27.0,1014.2,22.6,76.5,27.16,1.74,8.35,115.5
12,0.0,273.0,0.3,27.2,1014.9,22.5,75.0,27.12,1.84,8.0,111
12,5.74258583322,84,6.75598333319,27.2,1014.9,22.5,75.0,27.12,1.84,8.0,111.0
12,5.51738638878,84,21.1687477773,27.2,1014.9,22.5,75.0,27.12,1.84,8.0,111.0
12,0.0,273.0,0.3,27.2,1014.9,22.5,75.0,27.12,1.84,8.0,111
12,0.0,273.0,0.3,27.2,1014.9,22.5,75.0,27.12,1.84,8.0,111
12,0.0,273.0,0.3,27.2,1014.9,22.5,75.0,27.12,1.84,8.0,111
12,5.74258583322,84,6.75598333319,27.35,1015.0,22.5,74.5,27.12,1.83,8.15,114.0
12,5.74258583322,84,6.75598333319,27.43,1015.05,22.5,74.25,27.12,1.82,8.23,115.5
12,5.74258583322,87,6.75598333319,27.46,1015.08,22.5,74.12,27.12,1.81,8.27,116.25
12,0.0,273.0,0.1,27.5,1015.1,22.5,74.0,27.13,1.81,8.3,117
12,0.0,273.0,0.1,27.5,1015.1,22.5,74.0,27.13,1.81,8.3,117
12,0.0,273.0,0.3,27.2,1014.9,22.5,75.0,27.12,1.84,8.0,111
12,0.0,273.0,0.1,27.5,1008.7,16.1,74.0,38.01,8.1,16.6,27
12,0.0,273.0,0.3,27.2,1014.9,22.5,75.0,27.12,1.84,8.0,135.0
12,5.74258583322,84,6.75598333319,16.7,918.2,21.6,76.5,24.8,6.54,4.6,180.0
12,5.32433429836,12,23.3618749826,6.2,821.5,20.7,78.0,22.47,11.23,1.2,225.0
12,0.0,273.0,0.3,27.2,1014.9,22.5,75.0,27.12,1.84,8.0,111
12,0.0,273.0,0.3,27.2,1014.9,22.5,75.0,27.12,1.84,8.0,111
12,0.0,273.0,0.3,27.2,1014.9,22.5,75.0,27.12,1.84,8.0,111
12,0.0,267.0,0.1,27.2,1014.6,22.5,75.0,27.725,1.81,18.1,87
12,0.0,273.0,0.1,27.5,1015.1,22.5,74.0,27.13,1.81,7.8,141
12,0.0,273.0,0.3,27.2,1014.9,22.5,75.0,27.12,1.84,8.0,111
12,0.0,273.0,0.1,27.5,1015.1,22.5,74.0,27.13,2.55,8.3,141.0
12,0.0,273.0,0.1,27.5,1015.1,22.5,74.0,27.13,1.81,8.3,117
12,0.0,273.0,0.1,27.5,1015.1,22.5,74.0,27.13,1.81,8.3,117
12,0.0,273.0,0.1,27.5,1015.1,25.7,74.0,27.13,1.81,8.3,117
12,0.0,273.0,0.3,27.2,1014.9,22.5,75.0,27.12,1.84,8.0,111
12,5.74258583322,84,6.75598333319,27.2,1014.9,22.5,75.0,27.12,1.84,8.0,111.0
12,5.74258583322,84,6.75598333319,27.2,1014.9,22.5,75.0,27.12,1.84,8.0,111.0
12,0.0,273.0,0.3,27.2,1014.9,22.5,75.0,27.12,1.84,8.0,111
12,5.74258583322,84,6.75598333319,27.35,1015.0,22.5,74.5,27.12,1.83,8.15,114.0
12,5.74258583322,84,6.75598333319,27.43,1015.05,22.5,74.25,27.12,1.82,8.23,115.5
12,0.0,273.0,0.1,27.5,1015.1,22.5,74.0,27.13,1.81,8.3,117
12,0.0,273.0,0.3,27.2,1014.9,22.5,75.0,27.12,1.84,8.0,111
12,0.0,273.0,0.1,27.5,1015.1,22.5,74.0,27.13,1.81,8.1,111
12,5.74258583322,132,6.75598333319,27.35,1015.0,22.5,74.5,27.12,1.83,8.05,111.0
12,0.0,273.0,0.3,27.2,1014.9,22.5,75.0,27.12,1.84,8.0,111
12,0.0,273.0,0.3,27.2,1014.9,22.5,75.0,27.12,1.84,8.0,111
12,5.74258583322,84,6.75598333319,27.5,1015.1,22.5,74.0,27.13,1.81,8.3,117
12,5.74258583322,84,6.75598333319,27.2,1014.9,25.7,75.0,27.12,1.84,8.0,111
12,0.0,273.0,0.1,27.5,1015.1,22.5,74.0,27.13,1.81,8.3,117
12,0.0,273.0,0.3,27.2,1014.9,22.5,75.0,27.12,1.84,8.0,15
12,5.74258583322,84,6.75598333319,27.2,1014.9,22.5,75.0,27.12,1.84,8.0,111
12,5.74258583322,84,6.75598333319,27.2,1014.9,22.5,75.0,27.12,1.84,8.0,111
12,5.74258583322,84,6.75598333319,27.35,1015.0,22.5,74.5,27.12,1.83,13.75,114.0
12,5.74258583322,84,6.75598333319,27.5,1015.1,22.5,74.0,27.13,1.81,19.5,117
12,0.0,273.0,0.1,27.5,1015.1,22.5,74.0,27.13,1.81,8.3,117
12,5.74258583322,84,6.75598333319,27.5,1015.1,22.5,74.0,27.13,1.81,8.3,117
12,0.0,273.0,0.1,27.5,1015.1,22.5,74.0,27.13,1.81,8.3,117
12,11.1473724998,204,44.5894899991,40.3,1015.1,22.5,74.0,27.13,1.81,8.3,117
12,0.0,273.0,0.3,27.2,1014.9,22.5,75.0,27.12,1.84,8.0,111
12,5.74258583322,84,6.75598333319,27.2,1014.9,22.5,75.0,27.12,1.84,8.0,111
12,5.74258583322,84,6.75598333319,27.2,1014.5,22.5,75.0,27.12,1.84,8.0,111
12,5.74258583322,84,6.75598333319,27.35,1014.8,22.5,74.5,27.12,1.83,8.15,114.0
12,0.0,273.0,0.1,27.5,1015.1,22.5,74.0,27.13,1.81,8.3,117
12,0.0,273.0,0.3,27.2,1014.9,22.5,75.0,27.12,1.84,8.0,111
12,0.0,273.0,0.1,27.5,1015.1,22.5,74.0,27.13,1.81,8.3,117
12,0.0,273.0,0.1,27.5,1015.1,22.5,74.0,27.13,1.81,8.3,117
12,5.74258583322,84,6.75598333319,27.5,1015.1,22.5,74.0,27.13,1.81,8.3,117
12,5.74258583322,84,6.75598333319,24.0,1014.9,22.5,75.0,27.12,1.84,8.0,111
12,5.74258583322,84,6.75598333319,27.2,1014.9,22.5,75.0,27.12,1.84,8.0,111
12,11.5977713887,273,12.7237686108,27.5,1015.1,22.5,74.0,27.13,1.81,8.3,117
12,10.0213752776,207,40.4233002769,27.2,1014.9,22.5,75.0,27.12,1.84,8.0,111
12,0.0,273.0,0.1,27.5,1015.1,22.5,74.0,27.13,13.5,0.9,102.0
